link,y_pred
https://www.hamshahrionline.ir/news/503910/پرترافیک-ترین-جاده-های-ایران-پس-از-پایان-ممنوعیت-ترددهای-بین-استانی,9
https://www.hamshahrionline.ir/news/503441/نخستین-کاروان-حج-۹۹-ششم-تیر-اعزام-می-شود,9
https://www.hamshahrionline.ir/news/503002/ممنوعیت-ترددهای-بین-استانی-لغو-شد,9
https://www.hamshahrionline.ir/news/502442/نکات-ضدکرونایی-که-باید-در-سفرهای-ضروری-رعایت-کنید,9
https://www.hamshahrionline.ir/news/499583/چطور-بفهمیم-ممنوع-الخروجیم-امکان-اطلاع-از-ممنوع-الخروجی-فراهم,9
https://www.hamshahrionline.ir/news/499530/ممنوعیت-تردد-پلاک-های-غیربومی-تا-کی-ادامه-دارد,9
https://www.hamshahrionline.ir/news/498104/مردم-کدام-استان-ها-در-نوروز-بیشتر-به-مازندران-سفر-کردند-تردد,9
https://www.hamshahrionline.ir/news/497814/پیشنهاد-وزیر-گردشگری-برای-تعیین-تعطیلی-پس-از-کرونا,9
https://www.hamshahrionline.ir/news/496981/وضعیت-تردد-در-محورهای-برون-شهری-کشور-در-شبانه-روز-گذشته,9
https://www.hamshahrionline.ir/news/496976/کاهش-۵۷-درصدی-ترددها-۳۰-هزار-خودرو-هنوز-به-شهرهای-مبدأ-بازنگشته-اند,9
https://www.hamshahrionline.ir/news/496543/کاهش-۶۲-درصدی-سفرها-در-۱۵-روز-گذشته-۹۰-هزار-خودرو-از-آغاز-فاصله-گذاری,9
https://www.hamshahrionline.ir/news/496296/چقدر-از-بار-ترافیکی-جاده-ها-با-طرح-فاصله-گذاری-اجتماعی-کم-شد,9
https://www.hamshahrionline.ir/news/496290/ممنوعیت-ورود-خودروهای-پلاک-شهرستان-به-تهران-توقیف-یک-ماهه-خودروهای,15
https://www.hamshahrionline.ir/news/496271/وضعیت-راه-ها-بارش-برف-و-باران-در-محورهای-١٣-استان,36
https://www.hamshahrionline.ir/news/495410/خروج-خودروها-از-استان-تهران-ممنوع-شد-کدام-خودروها-مستثنی-شدند,15
https://www.hamshahrionline.ir/news/495215/هر-۸۰-دقیقه-یک-نفر-در-تصادفات-نوروزی-فوت-می-کند-آمار-مصدومان,9
https://www.hamshahrionline.ir/news/494964/سفرهای-نوروزی-چقدر-کاهش-یافتند-ماموران-پلیس-در-ماموریت-ها,9
https://www.hamshahrionline.ir/news/494915/آمار-عجیب-مسافران-تهرانی-دارای-علائم-کرونا-که-از-خروج-آنها-جلوگیری,9
https://www.hamshahrionline.ir/news/494819/شیوه-مجرمانه-و-غیراخلاقی-برخی-مسافران-نوروزی-برای-ورود-به-شهرها,9
https://www.hamshahrionline.ir/news/494697/فیلم-وضعیت-ورودی-شهرهای-شیراز-و-رشت-در-ایام-نوروز,9
https://www.hamshahrionline.ir/news/494472/فیلم-نام-این-مسافران-را-چه-باید-گذاشت,9
https://www.hamshahrionline.ir/news/494490/خروج-۳-میلیون-نفر-از-۱۳-استان-کشور-در-۴-روز-چه-تعداد-علائم,9
https://www.hamshahrionline.ir/news/494492/فیلم-اینجا-جاده-تهران-مشهد-آمده-ایم-به-امید-خدا-کرونا,9
https://www.hamshahrionline.ir/news/494207/ورود-۵۹-هزار-خودرو-به-مشهد-باید-در-انتظار-فاجعه-انسانی-بنشینیم,15
https://www.hamshahrionline.ir/news/494081/سفرها-و-بازدیدها-در-عید-کرونایی-این-آگهی-ترحیم-از-آینده-خبر,9
https://www.hamshahrionline.ir/news/494065/مقایسه-تردد-در-جاده-ها-طی-۲۴-ساعت-اخیر-با-مدت-مشابه-در-سال-گذشته,9
https://www.hamshahrionline.ir/news/494035/پیشنهاد-یک-نماینده-به-خودروهای-غیر-بومی-بنزین-ندهید,15
https://www.hamshahrionline.ir/news/493878/سفر-نروید-هفته-اول-فروردین-اوج-اپیدمی-کرونا-در-ایران-است,9
https://www.hamshahrionline.ir/news/493894/عکس-وضعیت-عجیب-عوارضی-تهران-قم-مردم-کرونا-را-جدی-نگرفته-اند,9
https://www.hamshahrionline.ir/news/493784/فیلم-ترافیک-در-جاده-های-هراز-و-فیروزکوه-مردمی-که-توجهی-به,9
https://www.hamshahrionline.ir/news/504089/پاسخ-توییتری-وزیر-ارتباطات-به-خبرنگار-AP-درباره-برنامه-فضایی,12
https://www.hamshahrionline.ir/news/504032/معلوم-نیست-وام-یک-میلیونی-به-حساب-چه-کسانی-رفته-است,5
https://www.hamshahrionline.ir/news/503988/فساد-ساختاری-تراژدی-هولناکی-که-شرکت-های-داروسازی-رانتی-برای,3
https://www.hamshahrionline.ir/news/504053/فیلم-تصاویر-جدید-و-جزئیات-بیشتر-از-پرتاب-ماهواره-نور,12
https://www.hamshahrionline.ir/news/504023/روحانی-فردی-بعد-گزارش-اشتباهش-عذرخواهی-کرده-اما-عده-ای-دنبال,9
https://www.hamshahrionline.ir/news/504009/گسترش-قلمرو-سپاه-به-فضا-سرلشکر-سلامی-امروز-می-توانیم-جهان,12
https://www.hamshahrionline.ir/news/504013/عکس-دست-نوشته-فرمانده-کل-سپاه-پس-از-پرتاب-ماهواره-بر-قاصد,12
https://www.hamshahrionline.ir/news/504014/روایت-روحانی-از-تماس-هایی-که-ساعت-۱۲-شب-با-وزارتخانه-ها-می-گیرد,9
https://www.hamshahrionline.ir/news/504005/نخستین-فیلم-از-پرتاب-موفق-اولین-ماهواره-نظامی-ایران,12
https://www.hamshahrionline.ir/news/503983/درگیری-لفظی-شدید-بن-سلمان-و-پوتین-بر-سر-نفت,9
https://www.hamshahrionline.ir/news/503973/جزئیات-نخستین-واریزی-تسهیلات-کرونایی-در-آخر-هفته-تسهیلات-بلاعوض,5
https://www.hamshahrionline.ir/news/503977/پزشکیان-چطور-نماینده-بداند-به-چه-جرمی-ردصلاحیت-شده-خلاف-شرع,9
https://www.hamshahrionline.ir/news/503933/برخی-کاسب-کرونا-شده-اند-واکنش-به-شوک-نفتی-اخیر-عبادات-رمضان,9
https://www.hamshahrionline.ir/news/503928/تصاویر-جزئیات-جدید-از-موفقیت-ماهواره-ای-سپاه-کدام-آیه-روی,12
https://www.hamshahrionline.ir/news/503915/فهرست-متقاضیان-وام-یک-میلیون-تومانی-تحویل-بانک-مرکزی-شد-وام,2
https://www.hamshahrionline.ir/news/503900/موافقت-مجلس-با-کلیات-طرح-اصلاح-قوانین-انتخابات-متن-کامل-طرح,19
https://www.hamshahrionline.ir/news/503877/پرتاب-موفق-نخستین-ماهواره-نظامی-جمهوری-اسلامی-ایران-توسط-سپاه,12
https://www.hamshahrionline.ir/news/503842/دو-کاندیدای-احتمالی-اصلاح-طلبان-بعد-از-پایان-کرونا-برای-انتخابات,38
https://www.hamshahrionline.ir/news/503839/تشکر-فرمانده-معظم-کل-قوا-از-عملکرد-سپاه-پاسداران-انقلاب-اسلامی,1
https://www.hamshahrionline.ir/news/503829/روایت-کرملین-از-تماس-تلفنی-پوتین-و-روحانی,9
https://www.hamshahrionline.ir/news/503819/توضیحات-دادستان-کردستان-درباره-اجرای-حکم-قصاص-جوان-سقزی,9
https://www.hamshahrionline.ir/news/503783/تأیید-تخلف-در-پرونده-ارزهای-دولتی-ماجرا-چیست-بالاخره-دلاری,9
https://www.hamshahrionline.ir/news/503790/تعجب-صادقی-از-خبررسانی-خبرگزاری-اصولگرا-درباره-محکومیتش-حکمم,47
https://www.hamshahrionline.ir/news/503786/سپهبد-قرنی-از-کودتا-تا-ترور-تصاویر-تاریخی-مراسم-ترحیم-قرنی,9
https://www.hamshahrionline.ir/news/503803/واکنش-آیت-الله-جزایری-به-اظهارات-منتسب-به-او-درباره-امام-زمان,9
https://www.hamshahrionline.ir/news/503801/بازخوانی-پیام-امام-خمینی-به-سپاه-پاسداران-وارد-سیاست-نشوید,1
https://www.hamshahrionline.ir/news/503774/چه-کسی-پیگیر-پرونده-محمود-صادقی-و-محکومیتش-بود-ارتباطی-به,47
https://www.hamshahrionline.ir/news/503772/جنجال-های-سیاسی-جهانپور-آقای-سخنگو-چطور-از-آمار-کرونا-به-چین,3
https://www.hamshahrionline.ir/news/503800/انتقاد-وزیر-احمدی-نژاد-از-دولت-روحانی-کرونا-را-اول-جدی-نگرفتند,9
https://www.hamshahrionline.ir/news/503798/مدارس-و-دانشگاه-ها-تا-پایان-سال-تحصیلی-تعطیل-باشند,9
https://www.hamshahrionline.ir/news/503954/هوای-پایتخت-امروز-مطلوب-است,9
https://www.hamshahrionline.ir/news/503944/کرونا-فراموش-شد-ادامه-فعالیت-بازار-فروش-جانوران-زنده-و-وحشی,9
https://www.hamshahrionline.ir/news/503913/ایجاد-۵۰-دریاچه-جدید-در-کشور-پس-از-بارندگی-های-اخیر,34
https://www.hamshahrionline.ir/news/503859/پساب-های-تصفیه-شده-به-دریاچه-ارومیه-سرایز-می-شود,34
https://www.hamshahrionline.ir/news/503668/جزئیات-مرگ-شترهای-جاسک-نمونه-کبد-شترها-به-آزمایشگاه-ارسال-شد,9
https://www.hamshahrionline.ir/news/503583/علت-نورهای-آبی-عجیب-در-برخی-سواحل-چیست,34
https://www.hamshahrionline.ir/news/503460/در-کدام-استان-های-کشور-باران-می-بارد,36
https://www.hamshahrionline.ir/news/503525/توصیه-های-یک-دامپزشک-در-فصل-زادآوری-حیات-وحش,16
https://www.hamshahrionline.ir/news/503503/هوای-مطلوب-در-پایتخت,27
https://www.hamshahrionline.ir/news/503552/فیلم-کویر-در-مرکز-ایران-دریا-شد-ورود-آب-به-تل-شیطان-پس-از,34
https://www.hamshahrionline.ir/news/503395/زمین-در-بهترین-شرایط-خود-طی-۵۰-سال-گذشته,9
https://www.hamshahrionline.ir/news/503223/قصه-های-درختی,9
https://www.hamshahrionline.ir/news/503127/متخصصان-در-روز-جهانی-زمین-گردهم-می-آیند,9
https://www.hamshahrionline.ir/news/503063/کیفیت-هوای-تهران-قابل-قبول-است,27
https://www.hamshahrionline.ir/news/503106/هشدار-سازمان-هواشناسی-نسبت-متلاطم-شدن-دریا-افزایش-ارتفاع-موج,36
https://www.hamshahrionline.ir/news/503026/بارش-ها-تا-پایان-هفته-ادامه-دارد-کدام-مناطق-کاهش-دما-دارند,36
https://www.hamshahrionline.ir/news/502935/پاسخی-به-یک-ادعای-عجیب-کرونا-بر-زلزله-ها-هم-اثر-گذاشته-است,9
https://www.hamshahrionline.ir/news/502653/ورود-دو-سامانه-بارشی-جدید-طی-هفته,36
https://www.hamshahrionline.ir/news/502773/حمایت-۱۰-میلیون-یورویی-برای-احیای-تالاب-های-بین-المللی-هامون,16
https://www.hamshahrionline.ir/news/502791/امپراتوری-پنگوئن-ها-در-شهر-کیپ-تاون-به-دنبال-شیوع-کرونا,9
https://www.hamshahrionline.ir/news/502560/آلودگی-شدید-هوا-در-کی-یف,9
https://www.hamshahrionline.ir/news/502692/تهران-نخستین-ماه-سال-را-بدون-هوای-ناسالم-پشت-سر-گذاشت,27
https://www.hamshahrionline.ir/news/502822/ایران-اولویت-سازمان-محیط-زیست-برای-تکثیر-در-اسارت-است,16
https://www.hamshahrionline.ir/news/502410/پسماندهای-کرونایی-با-خودروهای-مخصوص-حمل-می-شود,15
https://www.hamshahrionline.ir/news/502056/۱۷-آوریل-روز-جهانی-خفاش-ها-مبارک,9
https://www.hamshahrionline.ir/news/502313/حمایت-سازمان-ملل-متحد-از-سرمایه-گذاری-سبز,16
https://www.hamshahrionline.ir/news/502247/بارش-شدید-باران-در-۸-استان-در-سه-روز-آینده,36
https://www.hamshahrionline.ir/news/502194/چرا-آلاینده-ناکس-در-تهران-طی-روزهای-کرونایی-تغییری-نکرده-است,9
https://www.hamshahrionline.ir/news/502298/کیفیت-هوای-تهران-چگونه-است,27
https://www.hamshahrionline.ir/news/502180/کاهش-۴۵-درصدی-آلودگی-هوا-در-شهرهای-اروپایی,9
https://www.hamshahrionline.ir/news/504116/قهرمان-شطرنج-دنیا-فیروزجا-عصبی-ام-کرد-می-خواستم-او-را-له-کنم,9
https://www.hamshahrionline.ir/news/504062/مالک-شهر-خودرو-پرسپولیس-را-تهدید-کرد,10
https://www.hamshahrionline.ir/news/503250/راه-اندازی-کتابخانه-ورزش-در-منطقه۱۸,9
https://www.hamshahrionline.ir/news/504048/جواب-رد-طارمی-به-پیشنهاد-نجومی-چینی-ها,10
https://www.hamshahrionline.ir/news/504037/عکس-پاسخ-سخت-آزمون-و-طارمی-به-کری-خوانی-سرمربی-چین,10
https://www.hamshahrionline.ir/news/504031/اسلامیان-تاج-در-آینده-ای-نزدیک-برمی-گردد,10
https://www.hamshahrionline.ir/news/504006/پیراهن-اسطورۀ-بسکتبال-جهان-۲۱۶-هزار-دلار-برای-امور-خیریه-فروخته,9
https://www.hamshahrionline.ir/news/503995/فروش-امتیاز-نام-نیوکمپ-برای-کمک-به-بحران-کرونا,9
https://www.hamshahrionline.ir/news/503989/فرار-دقیقه-نودی-پرسپولیس-از-محکومیت-در-پرونده-بودیمیر,10
https://www.hamshahrionline.ir/news/503966/ملی-پوش-فوتبال-زنان-لژیونر-شدنم-را-باور-نمی-کردند-سعید-آذری,10
https://www.hamshahrionline.ir/news/503970/عکس-بهترین-روزهای-زندگی-مهدی-طارمی-از-زبان-خودش,9
https://www.hamshahrionline.ir/news/503918/تاریخ-پلی-آف-یورو-و-لیگ-ملتهای-یوفا-مشخص-شد,37
https://www.hamshahrionline.ir/news/503935/قلعه-نویی-بزرگواری-که-قرارداد-10-میلیاردی-اش-را-حساب-نمی-کند,17
https://www.hamshahrionline.ir/news/503905/اختلاف-۱۰-میلیارد-تومانی-پرسپولیس-و-کارگزار-رسمی-برند-باشگاه,10
https://www.hamshahrionline.ir/news/503899/تصمیمات-جدید-وزارت-ورزش-برای-فعالیت-های-ورزشی,9
https://www.hamshahrionline.ir/news/503885/نامزدی-یک-کشور-برای-میزبانی-متمرکز-لیگ-قهرمانان-درغرب-آسیا,37
https://www.hamshahrionline.ir/news/503879/آزمون-بهترین-لژیونر-لیگ-روسیه,37
https://www.hamshahrionline.ir/news/503802/حسین-روحانی-در-ایران-زود-پیر-می-شوید-اینجا-برای-تیم-گرفتن,3
https://www.hamshahrionline.ir/news/503755/عکس-خاطره-بازی-هاشمیان-با-پیراهن-ستارگان-فوتبال,10
https://www.hamshahrionline.ir/news/503749/نیازمند-اگر-قسمت-شود-به-اروپا-می-روم,10
https://www.hamshahrionline.ir/news/503742/بیل-یک-فصل-دیگر-در-رئال-ماندنی-شد,9
https://www.hamshahrionline.ir/news/503738/فیلم-رویش-گل-در-زمین-تمرین-استقلال,9
https://www.hamshahrionline.ir/news/503735/همشهری-TV-بارسلونا-بعد-از-کرونا-کهکشانی-می-شود,10
https://www.hamshahrionline.ir/news/503719/اساسنامه-فدراسیون-فوتبال-نیازی-به-تصویب-هیئت-دولت-ندارد,10
https://www.hamshahrionline.ir/news/503705/گرانترین-بازیکن-تاریخ-اتلتیکو-در-راه-منچستر,10
https://www.hamshahrionline.ir/news/503718/شکایت-قلعه-نویی-از-پیروانی,17
https://www.hamshahrionline.ir/news/503676/مناقشه-ژاپن-و-کمیته-بین-المللی-المپیک,9
https://www.hamshahrionline.ir/news/503666/تعیین-قیمت-نجومی-برای-فروش-سردار-آزمون,9
https://www.hamshahrionline.ir/news/503643/انتقاد-ماتیوس-از-روند-مذاکرات-با-نویر,10
https://www.hamshahrionline.ir/news/503616/قائمشهر-یک-جشن-قهرمانی-به-پرسپولیس-بدهکار-شد,10
https://www.hamshahrionline.ir/news/504045/بورس-سبزپوش-شد-صعود-۱۵-هزار-واحدی-شاخص-کل,6
https://www.hamshahrionline.ir/news/504003/قیمت-نفت-در-آستانه-صعودی-شدن-قرار-گرفت,40
https://www.hamshahrionline.ir/news/503948/ریزش-سنگین-بورس-های-جهان,9
https://www.hamshahrionline.ir/news/503794/تصاویر-بهترین-و-خاص-ترین-خودروهای-پلیس-در-دنیا,15
https://www.hamshahrionline.ir/news/503795/هزینه-خرید-مسکن-حوالی-میدان-رسالت-چقدر-است,8
https://www.hamshahrionline.ir/news/503785/جوجه-کش-کیست-اگر-شما-ندیده-بودید-دلیل-بر-نبودن-نبود,9
https://www.hamshahrionline.ir/news/503788/پرداخت-وام-ازدواج-۵۰-میلیون-تومانی-به-کجا-رسید,5
https://www.hamshahrionline.ir/news/503780/نشست-غیر-رسمی-اوپکی-ها-و-غیراوپکی-ها-برگزار-شد,40
https://www.hamshahrionline.ir/news/503776/تازه-ترین-قیمت-تسهیلات-مسکن-زوجین-تهرانی-برای-وام۲۴۰-میلیونی,5
https://www.hamshahrionline.ir/news/503787/کدام-خودروها-از-گمرک-ترخیص-می-شوند,15
https://www.hamshahrionline.ir/news/503784/قیمت-نفت-ایران-هیچ-ارتباطی-با-نفت-آمریکا-ندارد,40
https://www.hamshahrionline.ir/news/503796/۴میلیون-کارگر-با-بیمه-خاص-جامانده-از-حمایت-های-کرونایی,0
https://www.hamshahrionline.ir/news/503750/پشت-پرده-تصمیم-بانک-ها-نرخ-سود-سالانه-هم-تغییر-کرد,2
https://www.hamshahrionline.ir/news/503338/قیمت-ها-در-سایه-کرونا-رو-به-افزایش-است,9
https://www.hamshahrionline.ir/news/503625/دلایل-کاهش-قیمت-سکه-در-روزهای-اخیر-طلافروشان-اجازه-فروش-سکه,31
https://www.hamshahrionline.ir/news/503683/خانه-هایی-که-با-۴۰۰-تا-۶۰۰-میلیون-تومان-می-توان-در-تهران-خرید,8
https://www.hamshahrionline.ir/news/503739/تمهیدات-ویژه-برای-تدارک-کالا-در-ماه-رمضان,4
https://www.hamshahrionline.ir/news/503733/جزئیات-تعدیل-سهمیه-سوخت-جانبازان,9
https://www.hamshahrionline.ir/news/503604/کاهش-قیمت-نفت-سکه-را-گران-کرد-مراقب-سکه-های-جعلی-باشید,31
https://www.hamshahrionline.ir/news/503731/جزئیات-طرح-فاصله-گذاری-جدید-در-قطارها-دو-نفر-در-هر-کوپه,9
https://www.hamshahrionline.ir/news/503725/دلار-و-سکه-گران-شد-آخرین-نرخ-ها-از-بازار-طلا-ارز-و-سکه,31
https://www.hamshahrionline.ir/news/503692/روند-بورس-چه-زمانی-معکوس-می-شود-افزایش-شدید-ریسک-در-بازار,6
https://www.hamshahrionline.ir/news/503670/جزئیات-وام-۱۰۰-میلیون-تومانی-ازدواج-تاریخ-ازدواج-و-نحوه-بازپرداخت,5
https://www.hamshahrionline.ir/news/503677/کاهش-تاریخی-قیمت-نفت-آمریکا-چه-تاثیری-بر-بازار-ایران-دارد,40
https://www.hamshahrionline.ir/news/503658/سقوط-نفت-برنت-به-زیر-۲۰-دلار,40
https://www.hamshahrionline.ir/news/503637/بورس-مرز-۷۲۶-هزار-واحد-را-رد-کرد-بازار-سرمایه-بی-توجه-به-ریزش,6
https://www.hamshahrionline.ir/news/503621/دلار-۱۰۰-تومان-گران-شد-جدیدترین-قیمت-ارزها,46
https://www.hamshahrionline.ir/news/503539/جدیدترین-قیمت-خودروهای-داخلی-تیبا-۸۷-۰۰۰-۰۰۰-تومان,15
https://www.hamshahrionline.ir/news/503536/خرید-اوراق-کرونا-در-فرابورس-یک-ماه-دیگر-تمدید-شد,3
https://www.hamshahrionline.ir/news/503532/مباشرت-در-جرم-کارکنان-بانکی-در-صورت-عدم-گزارش-تخلف-مالیاتی,18
https://www.hamshahrionline.ir/news/504024/تحلیلگران-پاسخ-می-دهند-با-مرگ-کیم-کره-شمالی-متلاشی-می-شود,11
https://www.hamshahrionline.ir/news/503902/واکنش-عجیب-رسانه-های-کره-شمالی-درباره-وضعیت-جسمانی-کیم-جونگ-اون,11
https://www.hamshahrionline.ir/news/503771/ترفند-بایدن-برای-پیروزی-بر-ترامپ-اوباما-به-کاخ-سفید-بازمی-گردد,9
https://www.hamshahrionline.ir/news/503767/پایان-قرنطینه-کرونا-برای-کودکان-بازگشایی-مدارس-ابتدایی-در-فرانسه,9
https://www.hamshahrionline.ir/news/503804/واکنش-ترامپ-به-وضعیت-رهبر-کره-شمالی-گرین-کارتی-ها-شامل-قانون,11
https://www.hamshahrionline.ir/news/503792/غیبت-مشکوک-کیم-جونگ-اون-از-ماجرای-نامه-رهبر-کره-شمالی-به-ترامپ,11
https://www.hamshahrionline.ir/news/503789/شمار-موارد-عفونت-با-کرونا-از-۲-۵-میلیون-گذشت-کودکان-اسپانیا,9
https://www.hamshahrionline.ir/news/503737/رهبر-کره-شمالی-دچار-مرگ-مغزی-شده-است,11
https://www.hamshahrionline.ir/news/503748/عکس-روز-عروسی-در-ووهان,9
https://www.hamshahrionline.ir/news/503746/عکس-روز-مون-سن-میشل-در-قرنطینه,9
https://www.hamshahrionline.ir/news/503744/عکس-روز-آزمایشگاه-سیار-کرونا,9
https://www.hamshahrionline.ir/news/503641/آمریکا-ترکیه-را-با-کاتسا-تهدید-کرد,3
https://www.hamshahrionline.ir/news/503730/فیلم-آلودگی-شبکه-آب-پاریس-به-ویروس-کرونا,34
https://www.hamshahrionline.ir/news/503682/جنجال-دوباره-مفتی-مصری-افطار-کردن-با-شراب-روزه-را-باطل-نمی-کند,4
https://www.hamshahrionline.ir/news/503586/جزئیات-عملیات-حشد-العبی-علیه-داعش-۱۰-سرکرده-برجسته-داعش-کشته,9
https://www.hamshahrionline.ir/news/503546/عربستان-ممنوعیت-اقامه-نماز-در-حرمین-شریفین-را-تمدید-کرد,4
https://www.hamshahrionline.ir/news/502866/دلایل-موفقیت-چشمگیر-هنگ-کنک-در-مقابله-با-کرونا,9
https://www.hamshahrionline.ir/news/503453/۱۰-کشور-اصلی-درگیر-کرونا-جدیدترین-آمار-مبتلایان-و-فوتی-ها,24
https://www.hamshahrionline.ir/news/502941/افشاگری-واشنگتن-پست-از-معامله-پشت-پرده-ترامپ-با-پکن-فرماندار,9
https://www.hamshahrionline.ir/news/503321/فیلم-درگیری-لفظی-ترامپ-با-یک-خبرنگار-لطفا-صدایت-را-پایین-بیاور,9
https://www.hamshahrionline.ir/news/503306/پیشنهاد-عجیب-آمریکا-به-عراق-در-مورد-ایران,3
https://www.hamshahrionline.ir/news/503328/نیاز-به-آزمایش-گسترده-و-ردیابی-تماس-ها-در-پایان-قرنطینه-سازمان,9
https://www.hamshahrionline.ir/news/503308/افشاگری-مجری-زن-الجزیره-از-آزار-و-اذیت-عربستانی-ها-به-خاطر-پرونده,9
https://www.hamshahrionline.ir/news/503286/عکس-روز-گرفتن-تست-کرونا,9
https://www.hamshahrionline.ir/news/503281/مادری-که-۱۷-فرزندش-را-به-کرونا-مبتلا-کرد,9
https://www.hamshahrionline.ir/news/503280/عکس-روز-درس-خواندن-از-راه-دور,9
https://www.hamshahrionline.ir/news/503270/یک-آمار-حیرت-انگیز-چند-نفر-در-جهان-در-قرنطینه-هستند,9
https://www.hamshahrionline.ir/news/503239/هشدار-مرکل-درباره-موج-دوم-کرونا-گشایش-کاسبی-های-خرد-در-آلمان,9
https://www.hamshahrionline.ir/news/503170/عکس-زمانه-کرونا-و-صف-آرایی-مبارزان-آزادی-و-سلامتی,9
https://www.hamshahrionline.ir/news/503481/هشدار-بدافزار-سارق-دوباره-فعال-شد,9
https://www.hamshahrionline.ir/news/503292/انتقاد-انجمن-صنفی-روزنامه-نگاران-تهران-از-اتهام-زنی-به-خبرنگاران,16
https://www.hamshahrionline.ir/news/502924/حمله-هکری-به-سامانه-های-۲-شرکت-هواپیمایی-ایران-چه-اطلاعاتی,9
https://www.hamshahrionline.ir/news/502524/برنده-مسابقه-جهانی-عکس-های-مطبوعاتی-سخن-صریح,9
https://www.hamshahrionline.ir/news/502431/همشهری-TV-چطور-به-صورت-مجازی-ماسک-بزنیم,9
https://www.hamshahrionline.ir/news/502060/استفاده-از-دستبند-الکترونیک-برای-فاصله-گذاری-اجتماعی,9
https://www.hamshahrionline.ir/news/502050/واکنش-رویترز-به-متفاوت-ترین-رژه-روز-ارتش-ایران,3
https://www.hamshahrionline.ir/news/501742/آیفون-۲۰۲۰-SE-با-قیمت-۴۰۰-دلار-رونمایی-شد,9
https://www.hamshahrionline.ir/news/501698/ببینید-قرنطینه-تهران-به-روایت-نیویورکر,9
https://www.hamshahrionline.ir/news/501339/ماجرای-شکایت-وزارت-ارتباطات-از-رائفی-پور-پشت-پرده-ماجرایی-که,28
https://www.hamshahrionline.ir/news/501359/واکنش-کیهان-به-اظهارات-مرعشی-درباره-اختیارات-رئیس-جمهوری-و-رهبری,9
https://www.hamshahrionline.ir/news/501293/شکایت-از-رائفی-پور-به-خاطر-سامانه-پارازیت-خطرناک-هادیان,28
https://www.hamshahrionline.ir/news/501197/VPN-قانونی-چطور-و-از-سوی-کدام-نهاد-به-اشخاص-واگذار-می-شود,42
https://www.hamshahrionline.ir/news/501079/جهرمی-برایم-رزومه-بفرستید-۵۵۰-نفر-استخدام-می-شوند-شخصا-پیگیری,9
https://www.hamshahrionline.ir/news/500947/تولید-سریال-اسراییلی-با-نام-تهران-زندگی-جوانان-ضد-رژیم-از,42
https://www.hamshahrionline.ir/news/500483/دادوستدهای-نو-در-فضای-رسانه-ای,9
https://www.hamshahrionline.ir/news/500359/فیلم-چگونه-صدا-و-سیما-مانع-اصلی-توسعه-اینترنت-شده-است,9
https://www.hamshahrionline.ir/news/500068/حمله-کیهان-به-جهانپور-به-خاطر-چینی-ها-فرصت-طلبان-واکنش-محترمانه,3
https://www.hamshahrionline.ir/news/499771/ویروس-کرونا-اپل-و-گوگل-را-متحد-کرد,9
https://www.hamshahrionline.ir/news/499774/اپل-و-گوگل-برای-تکنولوژی-ردیابی-تماس-کووید-۱۹-همکاری-می-کنند,9
https://www.hamshahrionline.ir/news/499757/مجله-تایم-با-پنج-جلد-ویژه-مبارزان-کرونا-منتشر-شد,9
https://www.hamshahrionline.ir/news/499579/آیفون-۱۲-طراحی-در-چهار-مدل-منحصر-به-فرد,9
https://www.hamshahrionline.ir/news/499553/آمادگی-بخش-خصوصی-برای-رفع-مشکل-فرکانس-و-افزایش-کیفیت-اینترنت,9
https://www.hamshahrionline.ir/news/499184/روزنامه-ها-ویروس-کرونا-را-منتقل-نمی-کنند,9
https://www.hamshahrionline.ir/news/498906/گوگل-با-انتشار-اطلاعات-تردد-مردم-به-نبرد-با-کرونا-رفت,9
https://www.hamshahrionline.ir/news/499004/روزنامه-ها-و-نشریات-چاپی-از-۲۳-فروردین-منتشر-می-شوند,9
https://www.hamshahrionline.ir/news/498684/انتقاد-کیهان-از-چراغ-سبز-رئیس-جمهور-اهرم-زور-هم-کارساز-است,3
https://www.hamshahrionline.ir/news/498282/ارتقای-رایگان-اینترنت-خانگی-به-۱۶-مگابیت-جزئیات-وعده-جدید-وزیر,9
https://www.hamshahrionline.ir/news/498245/توقف-چاپ-نسخه-کاغذی-حیات-روزنامه-ها-را-به-خطر-می-اندازد,9
https://www.hamshahrionline.ir/news/498213/پر-دانلودترین-اپلیکیشن-های-جهان-را-بشناسید,9
https://www.hamshahrionline.ir/news/503828/بحران-کرونا-و-مزایای-تله-مدیسین,9
https://www.hamshahrionline.ir/news/503854/آخرین-جزییات-درمان-کووید-۱۹-در-ایران-پلاسمادرمانی-تا-فاویپراویر,9
https://www.hamshahrionline.ir/news/503907/احتمال-ابتلای-بیماران-کووید۱۹-به-سندروم-گیلن-باره-سندرومی,9
https://www.hamshahrionline.ir/news/503956/اپلیکیش-ضد-سانسور-اینترنتی-تولید-شد,9
https://www.hamshahrionline.ir/news/503926/هشدار-به-تولیدکنندگان-واکسن-کشف-۳۳-جهش-در-ویروس-کرونا,32
https://www.hamshahrionline.ir/news/503929/آسیب-هایی-که-کووید-19-و-قرنطینه-به-پوستمان-می-زند,9
https://www.hamshahrionline.ir/news/503951/انگلیس-از-فردا-آزمایش-بالینی-واکسن-کرونا-را-آغاز-می-کند,32
https://www.hamshahrionline.ir/news/503952/حفظ-سلامت-قلب-و-عروق-در-دوران-قرنطینه,9
https://www.hamshahrionline.ir/news/503765/آیا-لخته-های-خونی-کوچک-کووید-۱۹-را-مرگبارتر-می-کنند,9
https://www.hamshahrionline.ir/news/503757/اطلاع-نگاشت-هنگام-خرید-از-سوپر-مارکت-چه-نکاتی-را-باید-رعایت,9
https://www.hamshahrionline.ir/news/503758/سازمان-غذا-و-داروی-آمریکا-نخستین-کیت-خانگی-ویروس-کرونا-را-تایید,9
https://www.hamshahrionline.ir/news/503754/ویروس-کرونا-در-چشم-زن-ایتالیایی-باقی-ماند-ترشحات-چشمی-بیماران,9
https://www.hamshahrionline.ir/news/503736/دانشمندان-چینی-توانایی-کروناویروس-برای-جهش-یافتن-دست-کم-گرفته,9
https://www.hamshahrionline.ir/news/503709/هشدار-مهم-آلودگی-هوا-در-میزان-مرگ-و-میر-ناشی-از-کرونا-تاثیر,9
https://www.hamshahrionline.ir/news/503652/تبدیل-ویروس-کرونا-به-نت-های-موسیقی-روشی-متفاوت-برای-الهام-بخشی,9
https://www.hamshahrionline.ir/news/503679/همشهری-TV-آنچه-باید-از-ضدعفونی-صحیح-موبایل-بدانید,9
https://www.hamshahrionline.ir/news/503678/یافته-های-تازه-درباره-انتقال-کرونا-از-کودکان-پسر-۹-ساله-که,9
https://www.hamshahrionline.ir/news/503610/زمان-ماندگاری-پادتن-کرونا-در-خون-بهبودیافتگان-درخواست-از-بهبودیافتگان,9
https://www.hamshahrionline.ir/news/503487/رباتی-که-با-کرونا-مبارزه-می-کند,9
https://www.hamshahrionline.ir/news/503522/تولید-کیت-و-نرم-افزاری-برای-معرفی-مراکز-درمانی-کرونا,9
https://www.hamshahrionline.ir/news/503422/واردات-سنگ-از-ماه-توسط-چینی-ها,9
https://www.hamshahrionline.ir/news/503468/شارژری-که-هم-زمان-گوشی-را-ضدعفونی-می-کند,9
https://www.hamshahrionline.ir/news/502981/توصیه-های-تغذیه-برای-پیشگیری-از-بیماری-های-تنفسی-و-کرونا,4
https://www.hamshahrionline.ir/news/503369/ردیابی-تماس-چه-کمکی-به-مهار-شیوع-کرونا-می-کند,9
https://www.hamshahrionline.ir/news/503323/آیا-دچار-شدن-به-ویروس-کرونا-باعث-ایمنی-در-برابر-آن-می-شود,9
https://www.hamshahrionline.ir/news/503307/علائم-آلرژی-با-علائم-کرونا-چه-تفاوتی-دارند,9
https://www.hamshahrionline.ir/news/503218/۶-راه-برای-تقویت-دستگاه-تنفسی,4
https://www.hamshahrionline.ir/news/503219/همشهری-TV-کشف-علائم-جدید-پوستی-کرونا,9
https://www.hamshahrionline.ir/news/503052/خطر-قرنطینه-برای-کودکان,9
https://www.hamshahrionline.ir/news/503057/خوب-بخوابید-تا-کمتر-شیرینی-بخورید,9
https://www.hamshahrionline.ir/news/504028/تزریق-واکسن-کروناویروس-فقط-با-یک-برچسب,32
https://www.hamshahrionline.ir/news/504021/اظهارات-عضو-ستاد-استهلال-درباره-رویت-هلال-ماه-مبارک-رمضان,4
https://www.hamshahrionline.ir/news/504056/آخرین-وضعیت-آزادسازی-سهام-عدالت-ارزش-واقعی-هر-سهم-چقدر-است,29
https://www.hamshahrionline.ir/news/504063/جدیدترین-آمار-مبتلایان-و-فوتی-های-کرونا-در-ایران-مرگ-۹۴-بیمار,9
https://www.hamshahrionline.ir/news/504041/عکس-تصویری-تأثربرانگیز-از-عشق-ورزی-پنگوئن-ها,9
https://www.hamshahrionline.ir/news/504033/دلار-گران-شد-یورو-در-آستانه-ورود-به-کانال-۱۷-هزار-تومان-جدیدترین,46
https://www.hamshahrionline.ir/news/503938/۱۰-واقعیت-جالب-از-زندگی-نابغه-پزشکی-انگلیس-رکورددار-نجات-جان,9
https://www.hamshahrionline.ir/news/503775/چگونه-دستگاه-تنفسی-مان-را-تقویت-کنیم-راه-هایی-برای-حفظ-سلامت,4
https://www.hamshahrionline.ir/news/503773/خفن-ترین-خلاف-های-آرسن-لوپن-ایران,3
https://www.hamshahrionline.ir/news/503349/دندان-درد-دارید-این-هم-چند-راهکار-خانگی-برای-روزهای-کرونایی,9
https://www.hamshahrionline.ir/news/503713/قرنطینه-چه-بلایی-سر-پوست-می-آورد-چطور-مشکلات-پوستی-قرنطینه,9
https://www.hamshahrionline.ir/news/503674/فیلم-رفتار-زشت-و-زننده-سحر-قریشی-با-یک-پاکبان,42
https://www.hamshahrionline.ir/news/503623/این-هشدار-را-جدی-بگیریم-ماسک-را-ضدعفونی-نکنیم,44
https://www.hamshahrionline.ir/news/503573/عکس-شگفتی-جدید-کرونا-پوست-۲-پزشک-مبتلا-به-کرونا-سیاه-شد,9
https://www.hamshahrionline.ir/news/503409/۱۰-روش-کاربردی-برای-کاهش-مصرف-اینترنت-تلفن-همراه-حجم-مصرفی,9
https://www.hamshahrionline.ir/news/503224/این-مواد-غذایی-را-هرگز-در-مایکروفر-نگذارید,9
https://www.hamshahrionline.ir/news/503359/چه-کسانی-این-روزها-احساس-بهتری-دارند-۶-ویژگی-افراد-خوشحال,9
https://www.hamshahrionline.ir/news/503355/طرز-تهیه-حلیم-این-بار-حلیم-برنج-را-به-سفره-افطارتان-بیاورید,4
https://www.hamshahrionline.ir/news/503347/آخرین-آمار-رسمی-کرونا-در-ایران-و-جهان-جایگاه-ایران-در-بین-۱۴,24
https://www.hamshahrionline.ir/news/503153/تست-روانشناسی-از-کجا-بدانیم-به-خاطر-کرونا-مضطرب-شده-ایم,9
https://www.hamshahrionline.ir/news/503362/فیلم-قدردانی-از-مدافعان-سلامت-به-شیوه-حمید-فرخ-نژاد,42
https://www.hamshahrionline.ir/news/503121/تصاویر-برد-پیت-به-خاطر-دوست-قدیمی-اش-بیل-و-کلنگ-به-دست-می-گیرد,9
https://www.hamshahrionline.ir/news/503333/راهنمای-خرید-ایمن-خواربار-در-زمانه-کرونا,9
https://www.hamshahrionline.ir/photo/503256/تصاویر-بازگشایی-بازار-تهران-پس-از-۳۵-روز,9
https://www.hamshahrionline.ir/news/503236/واکنش-سخنگوی-وزارت-بهداشت-به-ادعای-درمان-کرونا-با-ادرار-شتر,9
https://www.hamshahrionline.ir/news/503246/فیلم-سورپرایز-جالب-پلیس-برای-یک-دختربچه,9
https://www.hamshahrionline.ir/news/503196/طرز-تهیه-بامیه-شیرینی-مخصوص-ماه-رمضان-را-در-خانه-درست-کنید,4
https://www.hamshahrionline.ir/news/503211/فیلم-مدل-بیرون-رفتن-بهرام-رادان-در-روزهای-کرونایی,9
https://www.hamshahrionline.ir/news/503190/اینفوگرافیک-۱۴-نکته-برای-تغذیه-بهبودیافتگان-کرونا,9
https://www.hamshahrionline.ir/news/503139/گران-ترین-خانه-دنیا-متعلق-به-ولیعهد-عربستان-را-ببینید-ذخیره-گاه,20
https://www.hamshahrionline.ir/news/504090/خاطرات-سردار-قربانی-در-فضای-مجازی-منتشر-شد,42
https://www.hamshahrionline.ir/news/503866/روزه-در-زمانه-کرونا-این-غریب-ترین-رمضان-تاریخ-است,4
https://www.hamshahrionline.ir/news/503741/نحسی-کرونا-بر-کتابفروشی-محبوب-تهران-هنوز-امیدوار-است-برگردد,9
https://www.hamshahrionline.ir/news/503671/لوور-ابوظبی-و-برگزاری-تور-کرونایی-مجازی,42
https://www.hamshahrionline.ir/news/503707/همشهری-آوا-پادکست-تهران-گفت-قسمت-نوزدهم-فضای-مجازی-به-کمک,42
https://www.hamshahrionline.ir/news/503665/فراخوان-جشنواره-ایده-های-برتر-قرآنی-در-فضای-مجازی,42
https://www.hamshahrionline.ir/news/503659/سایه-کرونا-بالای-سر-دوسالانه-معماری-ونیز,9
https://www.hamshahrionline.ir/news/503653/ارکستر-سمفونیک-تهران-فراخوان-همکاری-برای-یک-اجرای-خانگی,9
https://www.hamshahrionline.ir/news/503657/فراخوان-ششمین-دوره-جایزه-شعر-احمد-شاملو,42
https://www.hamshahrionline.ir/news/503361/استاد-جهانگیری-همواره-بر-مدار-قانون-ادب-اعتدال-و-فرهیختگی-بود,9
https://www.hamshahrionline.ir/news/503350/نخستین-سیاه-پوست-برنده-بوکر-از-کارکرد-خاص-ادبیات-در-روزهای-بحرانی,9
https://www.hamshahrionline.ir/news/503351/کتاب-بهروز-بوچانی-با-صدای-نوید-محمدزاده-منتشر-می-شود,9
https://www.hamshahrionline.ir/news/503324/فیلم-کنسرت-آندره-آ-بوچلی-سلن-دیون-لیدی-گاگا-و-جان-لجند-در,9
https://www.hamshahrionline.ir/news/503315/همشهری-آوا-همیشه-فاصله-ای-هست-۱-اردیبهشت-۹۹-فاصله-فیزیکی,9
https://www.hamshahrionline.ir/news/503290/همشهری-TV-جنگ-نابرابر-سینما-با-کرونا,42
https://www.hamshahrionline.ir/news/503207/عربانی-آینده-هنرهای-تجسمی-تحت-تاثیر-کرونا-خواهد-بود,42
https://www.hamshahrionline.ir/news/503183/برگزاری-نمایشگاه-نقاشی-مجازی-بهزاد-شیشه-گران,42
https://www.hamshahrionline.ir/news/503193/افتتاح-نمایشگاه-دائمی-مسجد-طراز-اسلامی,9
https://www.hamshahrionline.ir/news/503575/فیلم-کوتاه-از-استاد-شفیعی-کدکنی-به-مناسبت-روز-سعدی,9
https://www.hamshahrionline.ir/news/503181/دوم-اردیبهشت-سالروز-تاسیس-رسمی-سپاه-پاسداران,1
https://www.hamshahrionline.ir/news/502825/هوای-اردیبهشتی-سعدی-و-رازهای-دلبری-شیخ-اجل,9
https://www.hamshahrionline.ir/news/502893/دیوید-لینچ-از-قرنطینه-مراقبه-و-خلاقیت-می-گوید-مادر-طبیعت-همه,9
https://www.hamshahrionline.ir/news/502809/نیویورک-تایمز-جدیدترین-فهرست-هفتگی-کتاب-های-پرفروش,9
https://www.hamshahrionline.ir/news/502805/کشف-ابزار-باستانی-به-عنوان-دربازکن,9
https://www.hamshahrionline.ir/news/502504/حشمت-الله-کامرانی-درگذشت,9
https://www.hamshahrionline.ir/news/502384/تصاویر-کنسرت-های-خانگی-تک-نفره-در-تهران,9
https://www.hamshahrionline.ir/news/502461/شاعر-ایرانی-برگزیده-جایزه-جهانی-عکاسی-کورتانا-شد,9
https://www.hamshahrionline.ir/news/497755/فیلم-کوتاه-ترسناکی-که-کارگردان-آنابل-در-قرنطینه-ساخت-در-تاریکی,9
https://www.hamshahrionline.ir/news/500503/چگونه-با-دست-خالی-جهان-را-تغییر-دهیم-ناامیدی-را-کنار-بگذاریم,9
https://www.hamshahrionline.ir/news/502026/چراغ-کتاب-فروشی-های-آلمان-از-هفته-آینده-روشن-می-شود,9
https://www.hamshahrionline.ir/news/504117/حاشیه-جنجالی-خانم-بازیگر-حذف-زیرخاکی-از-جدول-پخش-رمضان,42
https://www.hamshahrionline.ir/news/504078/معرفی-برنامه-های-نمایشی-رادیو-در-ماه-رمضان,4
https://www.hamshahrionline.ir/news/504070/تاسیس-کمپانی-فیلمسازی-پل-مدیا-توسط-شهاب-حسینی,9
https://www.hamshahrionline.ir/news/504081/رونمایی-از-مستند-جدید-مایکل-مور-در-فضای-مجازی,42
https://www.hamshahrionline.ir/news/503909/هاشمی-با-قطعه-ای-برای-سردار-جنگل-خواننده-شد,42
https://www.hamshahrionline.ir/news/503875/خالق-تهران-۱۵۰۰-انیمیشن-سینمایی-می-سازد,9
https://www.hamshahrionline.ir/news/503851/کارگردان-خروج-از-۲۰-سال-پیش-تا-امروز-خاطره-بازی-با-قهرمان-های,42
https://www.hamshahrionline.ir/news/503793/واقعا-چند-می-گیری-مجری-باشی-جنجال-دستمزدهای-نجومی-مجری-های,0
https://www.hamshahrionline.ir/news/503836/انیمیشنی-که-نقی-را-عصبانی-کرد-پایتخت-گوشت-قربانی-شده-است,9
https://www.hamshahrionline.ir/news/503807/فیلم-شوخی-نون-خ-با-بهروز-وثوقی-ماجرای-سکانسی-که-حذف-شد,33
https://www.hamshahrionline.ir/news/503711/شوخی-با-نوید-محمدزاده-در-سریال-نون-خ,33
https://www.hamshahrionline.ir/news/503662/معرفی-فیلم-های-قرنطینه-ای-گی-یرمو-دل-تورو,9
https://www.hamshahrionline.ir/news/503701/نون-خ-زودتر-می-رود-تا-زیر-خاکی-بیاید-آنتن-شبکه-یک-در-اختیار,33
https://www.hamshahrionline.ir/news/503607/یک-مستند-درباره-خانه-سینما-ناگفته-هایی-از-آخرین-فیلم-سیامک,42
https://www.hamshahrionline.ir/news/503624/چاپلین-تروفو-کیشلوفسکی-لینچ-و-دیگران-بزرگان-سینما-به-نتفلیکس,42
https://www.hamshahrionline.ir/news/503526/مهار-بسترهای-قاچاق-فیلم-خروج-در-چهار-سایت-و-یک-کانال,42
https://www.hamshahrionline.ir/news/503417/چتر-حمایت-از-سینماگران-باز-شد-آغاز-نام-نویسی-فعالان-آسیب-دیده,9
https://www.hamshahrionline.ir/news/503440/قطار-سینمای-آنلاین-روی-ریل-کیمیایی-با-خون-شد-می-آید,42
https://www.hamshahrionline.ir/news/503202/ادریس-سینمای-جهان-و-۴۰-میلیون-دلار-کمک-برای-مبتلایان-به-کرونا,9
https://www.hamshahrionline.ir/news/503191/جنگ-و-گریز-کرونا-با-ونیز-۷۷,42
https://www.hamshahrionline.ir/news/503212/صفر-را-در-قرنطینه-ببینید,9
https://www.hamshahrionline.ir/news/503203/فیلم-پژمان-جمشیدی-به-دنبال-گنج,42
https://www.hamshahrionline.ir/news/503194/نون-خ۲-و-کمک-های-مالی-استاندار-خبری-که-تکذیب-شد,33
https://www.hamshahrionline.ir/news/503182/فیلم-برادران-محمودی-در-صف-اکران-آنلاین,42
https://www.hamshahrionline.ir/news/503143/۱۷-میلیون-دقیقه-تماشای-رد-خون-ماجرای-نیمروز-۲-رکورد-شکست,42
https://www.hamshahrionline.ir/news/502940/حضور-نامحسوس-وریا-غفوری-در-سریال-نون-خ,33
https://www.hamshahrionline.ir/news/502801/خالق-تام-و-جری-و-ملوان-زبل-انیماتور-برنده-اسکار-درگذشت,42
https://www.hamshahrionline.ir/news/502881/معرفی-ویژه-برنامه-های-سحر-و-افطار-تلویزیون,42
https://www.hamshahrionline.ir/news/502824/گیج-گاه-به-صف-اکران-پیوست,9
https://www.hamshahrionline.ir/news/502820/ادعایی-عجیب-در-مورد-دستمزد-محمدرضا-گلزار-در-برنده-باش,0
https://www.hamshahrionline.ir/news/503957/با-قهرمانان-این-روزهای-سخت-آشنا-شوید,9
https://www.hamshahrionline.ir/news/503258/بهترین-موقعیت-های-خرید-ملک-در-تهرانپارس-سعادت-آباد-و-پونک-در,8
https://www.hamshahrionline.ir/news/502860/بازگشایی-بازار-بزرگ-تهران-و-پاساژها-از-امروز,14
https://www.hamshahrionline.ir/news/502865/عرضه-آش-حلیم-و-کباب-در-ماه-رمضان-فقط-به-صورت-بیرون-بر,4
https://www.hamshahrionline.ir/news/502862/طلا-و-دلار-عقب-نشستند,9
https://www.hamshahrionline.ir/news/502868/ردیابی-اثر-قتل-عام-جوجه-ها-بر-بازار-مرغ,9
https://www.hamshahrionline.ir/news/502873/کاهش-۷۰-درصدی-کاسبی-های-آنلاین,9
https://www.hamshahrionline.ir/news/502875/بازار-گل-مثل-زمستان-یخ-زد,37
https://www.hamshahrionline.ir/news/502084/کرونا-بازار-فروش-آنلاین-خرما-را-داغ-کرد,4
https://www.hamshahrionline.ir/news/500870/حکم-تخلیه-مستاجران-با-کرونا-آمد,9
https://www.hamshahrionline.ir/news/501587/احتمال-تغییر-نرخ-شیر-خام-تا-اردیبهشت-ماه,4
https://www.hamshahrionline.ir/news/501557/طلای-کم-اجرت-بخریم-یا-نخریم,9
https://www.hamshahrionline.ir/news/501134/گره-سرنوشت-بازار-خودرو-به-کرونا,15
https://www.hamshahrionline.ir/news/501140/مکانیکی-ها-خلع-سلاح-شدند-تعمیرگاه-هایی-که-لوازم-یدکی-ندارند,15
https://www.hamshahrionline.ir/news/501108/بهترین-برنامه-های-معاملاتی-فارکس,6
https://www.hamshahrionline.ir/news/500465/آخرین-وضعیت-بازار-خودرو-جدیدترین-قیمت-پرطرفدارها-احتمال,15
https://www.hamshahrionline.ir/news/499721/بازگشایی-مشروط-واحدهای-صنفی-استان-ها,14
https://www.hamshahrionline.ir/news/499699/بازگشت-به-سرکار-بدون-ماسک-و-دستکش,44
https://www.hamshahrionline.ir/news/499702/تجارت-طلای-سرخ-قربانی-کرونا-کاهش-قیمت-زعفران-در-بازارهای-داخلی,9
https://www.hamshahrionline.ir/news/499695/گرانی-نوبرانه-های-بهاری-با-طعم-کرونا-منشاء-گرانی-و-عرضه-چند,9
https://www.hamshahrionline.ir/news/498950/کرونا-سیگار-را-گران-کرد,9
https://www.hamshahrionline.ir/news/499008/سرگیجه-اصناف-برای-بازگشایی-کسب-وکارها,14
https://www.hamshahrionline.ir/news/498852/سقوط-آزاد-نرخ-مرغ,9
https://www.hamshahrionline.ir/news/498898/پشت-پرده-دپوی-دام-زنده-و-بالا-ماندن-قیمت-گوشت-قرمز,9
https://www.hamshahrionline.ir/news/498939/معرفی-فروشگاه-اینترنتی-دکتر-قشلاق,9
https://www.hamshahrionline.ir/news/498613/کرکره-ها-بالا-رفت-جلسه-بازی-ادامه-دارد-کدام-مشاغل-بازگشایی,14
https://www.hamshahrionline.ir/news/498618/بورس-کالای-ایران-بین-المللی-می-شود,6
https://www.hamshahrionline.ir/news/498611/چرا-رئیس-جمهوری-کشور-را-تعطیل-یا-نیمه-تعطیل-نمی-کند-دارایی,9
https://www.hamshahrionline.ir/news/498155/عملیات-واکنش-سریع-را-اجرا-کنید,9
https://www.hamshahrionline.ir/news/498173/قد-کشیدن-نرخ-برنج-در-سایه-کرونا,4
https://www.hamshahrionline.ir/news/493725/تصاویر-انکار-ترافیک-در-عوارضی-تهران-قم-دوربین-مرکز-مدیریت,9
https://www.hamshahrionline.ir/news/493753/فیلم-ترافیک-سنگین-آزادراه-تهران-قم-مردم-توجهی-به-کرونا,9
https://www.hamshahrionline.ir/news/493691/تصاویر-آخرین-وضعیت-جاده-ها-ترافیک-سنگین-در-عوارضی-تهران,9
https://www.hamshahrionline.ir/news/502902/دستور-روحانی-به-وزیر-اطلاعات-درباره-ماجرای-جوجه-کشی,9
https://www.hamshahrionline.ir/news/502892/واکنش-انتقادی-دفتر-رئیس-جمهور-به-اظهارات-رئیس-دیوان-محاسبات,21
https://www.hamshahrionline.ir/news/502781/ترامپ-چین-را-تهدید-کرد-منتظر-همه-چیز-باش,9
https://www.hamshahrionline.ir/news/502888/افتتاح-سپرده-بانکی-با-سود-بالاتر-از-۱۵-درصد-ممنوع-شد-جزئیات,2
https://www.hamshahrionline.ir/news/502887/اولین-تصاویر-واضح-از-لحظه-رهگیری-ناو-آمریکایی-توسط-سپاه-در-خلیج,41
https://www.hamshahrionline.ir/news/502842/ورود-سازمان-تعزیرات-به-ماجرای-۴-۸-میلیارد-دلار-ارز-دولتی,21
https://www.hamshahrionline.ir/news/502880/واکنش-علم-الهدی-به-تعطیلی-اجتماعات-مذهبی-و-مساجد-در-ماه-رمضان,14
https://www.hamshahrionline.ir/news/502845/دولت-با-بی-پولی-مواجه-شده-است-موج-بعدی-کرونا-خطرناک-تر-است,9
https://www.hamshahrionline.ir/news/502853/واکنش-تند-ظریف-به-ترامپ-در-امور-کشور-من-دخالت-نکن,3
https://www.hamshahrionline.ir/news/502685/توضیحات-روحانی-درباره-زمان-بازگشایی-مدارس-دانشگاه-ها-اماکن,14
https://www.hamshahrionline.ir/news/502813/تقابل-سپاه-و-ناو-آمریکایی-در-خلیج-فارس-تنش-زا-می-شود,3
https://www.hamshahrionline.ir/news/502826/زمان-واریز-وام-یک-میلیونی-اعلام-شد,5
https://www.hamshahrionline.ir/news/502782/واکنش-سپاه-به-روایت-آمریکایی-ها-از-ماجرای-خلیج-فارس-هرگونه,41
https://www.hamshahrionline.ir/news/502767/جزئیات-رویارویی-نیروی-دریایی-سپاه-با-ناو-آمریکایی-در-خلیج-فارس,41
https://www.hamshahrionline.ir/news/502729/نمایندگان-مجلس-دولت-را-دادگاهی-می-کنند-درخواست-نمایندگان-برای,0
https://www.hamshahrionline.ir/news/502673/توضیحات-روحانی-درباره-استمرار-تعطیلی-یا-بازگشایی-مدارس-و-دانشگاه-ها,9
https://www.hamshahrionline.ir/news/502649/اظهارات-رئیس-جمهور-درباره-ادامه-تعطیلی-اماکن-مذهبی-و-مساجد,14
https://www.hamshahrionline.ir/news/502642/روایت-دختر-سردار-سلیمانی-از-وصیت-پدرش,20
https://www.hamshahrionline.ir/news/502605/تصاویر-و-ویژگی-های-سامانه-های-راداری-جدید-ارتش-خلیج-فارس,41
https://www.hamshahrionline.ir/news/502553/جزئیات-پرداخت-وام-یارانه-۲-میلیون-تومانی-به-۴-میلیون-خانوار,5
https://www.hamshahrionline.ir/news/502569/واکنش-به-انتقاد-کدخدایی-از-اصلاح-یک-قانون-از-چپ-ترین-تا-راست-ترین,19
https://www.hamshahrionline.ir/news/502520/روایت-و-انتقاد-فاضل-میبدی-از-وقایع-تلخ-همزاد-کرونا-تلخناکی,9
https://www.hamshahrionline.ir/news/502505/برای-اصلاح-تا-ابد-که-نمی-شود-منتظر-ماند-روایتی-متفاوت-از-استقبال,1
https://www.hamshahrionline.ir/news/502515/شورای-ائتلاف-اصولگرایان-مجلسیان-را-فراخواند-محتوای-دعوتنامه,9
https://www.hamshahrionline.ir/news/502529/یاوه-گویی-ترامپ-ایرانی-ها-اکنون-ملتی-متفاوتند-می-خواهند-توافق,3
https://www.hamshahrionline.ir/news/502518/سردار-رشید-اصولگرایان-چماقی-بالای-سر-رقیب-گرفته-اند-و-می-گویند,9
https://www.hamshahrionline.ir/news/502531/سرنوشت-دلارهای-گم-شده-چه-شد-سرنوشت-متهمان-مرتبط-با-گزارش,21
https://www.hamshahrionline.ir/news/502511/مأموریت-شگفت-انگیز-موساد,9
https://www.hamshahrionline.ir/news/502502/قیاس-درآمد-ارزی-موسوی-خاتمی-هاشمی-و-احمدی-نژاد-با-روحانی,9
https://www.hamshahrionline.ir/news/502497/تکلیف-تغییر-ساعت-کاری-فردا-مشخص-می-شود-وزارت-بهداشت-خطر-را,14
https://www.hamshahrionline.ir/news/502156/مرکز-تحقیقات-یوز-آسیایی-تاسیس-می-شود-حال-هر-سه-یوز-منتقل-شده,16
https://www.hamshahrionline.ir/news/502075/سامانه-بارشی-تا-فردا-در-تهران-تهران-گرم-می-شود,36
https://www.hamshahrionline.ir/news/502001/عکس-لذت-بردن-شیرهای-آفریقا-از-دنیای-بدون-انسان-در-زمانه-کرونا,9
https://www.hamshahrionline.ir/news/501979/پیش-بینی-۵-روز-بارندگی-وضعیت-جوی-تهران,36
https://www.hamshahrionline.ir/news/501779/بهار-گوسفندان-عاشق-می-شوند,9
https://www.hamshahrionline.ir/news/500295/زباله-های-کرونایی-چالشی-جدید-برای-بشر-یا-طبیعت,44
https://www.hamshahrionline.ir/news/501273/خطری-برای-انسان-ها-موش-های-گرسنه,9
https://www.hamshahrionline.ir/news/501705/عکس-روز-لیسیدن-یوزپلنگ-ها,10
https://www.hamshahrionline.ir/news/501451/بارندگی-ها-در-تهران-از-عصر-جمعه-آغاز-می-شود,9
https://www.hamshahrionline.ir/news/501489/برداشت-برخی-گونه-های-گیاهی-تا-اطلاع-ثانوی-ممنوع-شد,9
https://www.hamshahrionline.ir/news/501579/هشدار-هواشناسی-درباره-تشدید-بارش-ها-در-کشور,36
https://www.hamshahrionline.ir/news/501598/یک-لوله-دار-۴۶-متری-درازترین-جانور-دنیا-در-استرالیا-کشف-شد,9
https://www.hamshahrionline.ir/news/501465/مار-پیتون-در-قزوین-۲۰-تخم-گذاشت,39
https://www.hamshahrionline.ir/news/501410/کیفیت-هوای-تهران-سالم-است,27
https://www.hamshahrionline.ir/news/501309/کرونا-عامل-امحای-۴۰۰-میلیون-شاخه-گل-هلندی,37
https://www.hamshahrionline.ir/news/501358/وضعیت-بارش-ها-در-اردیبهشت,36
https://www.hamshahrionline.ir/news/501114/تعطیلی-مجدد-بوستان-های-پایتخت-تا-اطلاع-ثانوی,9
https://www.hamshahrionline.ir/news/502919/یورش-زرد-به-اینستاگرام-علی-کریمی,42
https://www.hamshahrionline.ir/news/502909/یحیی-گل-محمدی-دستشان-به-جام-نمی-رسد-می-گویند-لیگ-را-لغو-کنید,37
https://www.hamshahrionline.ir/news/502908/بیانیه-پرسپولیس-علیه-بازیکن-استقلال,10
https://www.hamshahrionline.ir/news/502907/بدهی-۱۵۰-هزاردلاری-پرسپولیس-به-یک-هوادار,10
https://www.hamshahrionline.ir/news/502906/عکس-شادی-دیاباته-گونه-یک-پرستار-در-بیمارستان,9
https://www.hamshahrionline.ir/news/502899/عکس-دستیار-اسپانیایی-مجیدی-در-راه-ایران,10
https://www.hamshahrionline.ir/news/502688/عکس-روز-باشکوه-مهرداد-اولادی-در-آزادی,10
https://www.hamshahrionline.ir/news/502726/اولین-مخالفت-جدی-فرهاد-مجیدی-با-تصمیمات-سعادتمند,10
https://www.hamshahrionline.ir/news/502814/واکنش-مدیرعامل-تراکتور-در-خصوص-جذب-انصاری-و-ادامه-لیگ-برتر,10
https://www.hamshahrionline.ir/news/502796/لیگ-قهرمانان-اروپا-در-مرداد-برگزار-می-شود,37
https://www.hamshahrionline.ir/news/502819/پرداخت-قسط-اول-مطالبات-دیاباته-استقلال-در-آستانه-تسویه-با-میلیچ,10
https://www.hamshahrionline.ir/news/502738/کارشناس-بهداشت-جهانی-زود-است-الان-بگوییم-المپیک-سال-۲۰۲۱-برگزار,9
https://www.hamshahrionline.ir/news/502711/۴-محکومیت-در-انتظار-مدیرعامل-پیشین-پرسپولیس,10
https://www.hamshahrionline.ir/news/502671/عابدزاده-به-گرد-پای-من-هم-نمی-رسید-بالاخره-نوبت-عقاب-هم-فرا,10
https://www.hamshahrionline.ir/news/502699/عکس-برنامه-ریزی-پرسپولیس-برای-آغاز-لیگ,10
https://www.hamshahrionline.ir/news/502658/واکنش-رسول-پناه-به-مصاحبه-رسن-و-ماجرای-جدایی-شجاع-علیپور-و-ترابی,10
https://www.hamshahrionline.ir/news/502607/بکهام-سطح-فوتبال-مسی-بالاتر-از-رونالدو-است,10
https://www.hamshahrionline.ir/news/502597/بهبودی-و-رهایی-کامل-دیبالا-و-نامزدش-از-شر-کرونا,9
https://www.hamshahrionline.ir/news/502563/اولیایی-استقلال-دولتی-نیست-سند-رو-کنید,10
https://www.hamshahrionline.ir/news/502545/رقبای-جدی-ویلموتس-برای-هدایت-فنرباغچه,10
https://www.hamshahrionline.ir/news/502542/عکس-سویا-در-تلاش-برای-خرید-سردار-آزمون,10
https://www.hamshahrionline.ir/news/502548/ماجرای-عجیب-کشتی-گیر-ایرانی-عمدا-دوپینگ-کردم-بی-صبرانه-منتظر,45
https://www.hamshahrionline.ir/news/502534/پیشنهاد-تراکتور-به-مدافع-پرسپولیس-ماجرای-عکس-دونفره-انصاری,10
https://www.hamshahrionline.ir/news/502506/وریا-غفوری-در-دادگاه-فرهنگ-و-رسانه,10
https://www.hamshahrionline.ir/news/502507/عکس-شوخی-طنز-علی-کریمی-با-کرونا,42
https://www.hamshahrionline.ir/news/502492/۱۱-بازیکن-منتخب-لوییجی-بوفون-مسی-و-رونالدو-هرگز,10
https://www.hamshahrionline.ir/news/502462/رمزگشایی-از-استوری-اخیر-مجیدی,10
https://www.hamshahrionline.ir/news/502465/مخالفت-شدید-با-مدیرعاملی-۳-گزینه-محبوب-هواداران-پرسپولیس,10
https://www.hamshahrionline.ir/news/502319/عضو-هیات-رییسه-مجلس-فدراسیون-فوتبال-ورشکسته-مدیریتی-است,19
https://www.hamshahrionline.ir/news/502274/لیگ-قهرمانان-آسیا-بدون-تماشاگر-برگزار-می-شود,37
https://www.hamshahrionline.ir/news/502864/تعطیلی-۴۵-روزه-چه-تاثیری-بر-بازار-مسکن-گذاشت-مسکن-در-سال-۹۹,8
https://www.hamshahrionline.ir/news/502886/جزئیات-بخشنامه-سازمان-امور-مالیاتی-برای-بررسی-حساب-های-مشکوک,18
https://www.hamshahrionline.ir/news/502871/۳-وزنه-برپای-تولید-مسکن,9
https://www.hamshahrionline.ir/news/502772/۱۶۰-میلیون-بشکه-نفت-روی-دست-مانده-شیوع-کرونا-رکورد-ذخیره-سازی,40
https://www.hamshahrionline.ir/news/502889/روند-کاهشی-ارز-جدیدترین-قیمت-ها-در-بازار-ارز-و-سکه,31
https://www.hamshahrionline.ir/news/502872/پول-نقد-نمی-گیریم-حتی-از-شما,9
https://www.hamshahrionline.ir/news/502878/خودروهای-پرتیراژ-داخلی-چقدر-گران-شدند,15
https://www.hamshahrionline.ir/news/502869/چشم-انداز-طلای-جهانی-چرا-طلا-به-۱۸۰۰-دلار-صعود-نخواهد-کرد,9
https://www.hamshahrionline.ir/news/502883/معمای-حق-بیمه-کمتر-خودروهای-ارزان,15
https://www.hamshahrionline.ir/news/502882/وضعیت-اقتصادی-مردم-تهران-پس-از-شیوع-کرونا-چند-درصد-تهرانی-ها,9
https://www.hamshahrionline.ir/news/502858/پژو-۴۰۵-از-شبکه-تولید-خارج-شد-چه-خودرویی-جایگزین-می-شود,15
https://www.hamshahrionline.ir/news/502800/کاهش-۲۲۰-هزار-تومانی-قیمت-سکه-بازگشایی-بازار-طلا-از-فردا,31
https://www.hamshahrionline.ir/news/502815/زمان-بازگشایی-پاساژها-و-بازارهای-مسقف-واحدهای-صنفی-کد-مجوز,14
https://www.hamshahrionline.ir/news/502758/جوجه-کشی-ممنوع-شد,9
https://www.hamshahrionline.ir/news/502760/کاهش-۱۵۰-تومانی-نرخ-دلار-جدیدترین-قیمت-ارزها,46
https://www.hamshahrionline.ir/news/502734/جدیدترین-نرخ-خودروهای-داخلی-اولین-معاملات-بازار-خودرو-در-سال,15
https://www.hamshahrionline.ir/news/502777/ادامه-روند-صعودی-بازار-سرمایه-افزایش-۲۰-هزار-واحدی-شاخص-کل,6
https://www.hamshahrionline.ir/news/502602/۱۰-هزار-دلار-در-ثانیه-درآمد-۷۳-میلیارد-دلاری-آمازون-در-زمانه,9
https://www.hamshahrionline.ir/news/502549/هزینه-خرید-مسکن-در-گیشا-چقدر-است,8
https://www.hamshahrionline.ir/news/502509/نفت-بشکه-ای-۲-دلار-فروشنده-ای-هست,40
https://www.hamshahrionline.ir/news/502525/قیمت-نفت-صفر-می-شود-بلومبرگ-در-تگزاس-نفت-دو-دلاری-معامله,40
https://www.hamshahrionline.ir/news/502508/انجام-۱۰۰-پرواز-برای-حمل-کالاهای-بهداشتی-و-بازگشت-مسافران-بعد,9
https://www.hamshahrionline.ir/news/502361/زمان-توقف-تولید-پژو-۴۰۵-اعلام-شد,9
https://www.hamshahrionline.ir/news/502437/پیش-بینی-نرخ-اجاره-بها-مسکن-در-سال-۹۹-گرانی-در-کمین-بازار-اجاره,8
https://www.hamshahrionline.ir/news/502142/قیمت-اجاره-آپارتمان-در-روزهای-تعطیل-خریدوفروش-در-پایتخت,8
https://www.hamshahrionline.ir/news/502936/چطور-پرتغال-بحران-کرونا-را-مهار-کرد,9
https://www.hamshahrionline.ir/news/502904/شمار-تلفات-کرونا-در-اروپا-از-۱۰۰۰۰۰-گذشت-اروپا-از-قله-موج-اول,9
https://www.hamshahrionline.ir/news/502903/شمار-تلفات-کرونا-در-ترکیه-از-۲۰۰۰-مورد-گذشت-شمار-موارد-عفونت,9
https://www.hamshahrionline.ir/news/502896/عکس-روز-پیام-کرونا-روی-هرم-بزرگ,9
https://www.hamshahrionline.ir/news/502647/نقش-کرونا-در-انتخابات-ریاست-جمهوری-آمریکا,9
https://www.hamshahrionline.ir/news/502854/کدام-یک-از-رویدادهای-بزرگ-جهان-در-پی-شیوع-کرونا-لغو-شد,9
https://www.hamshahrionline.ir/news/502843/فایده-ای-که-کرونا-برای-آفریقای-جنوبی-داشت,9
https://www.hamshahrionline.ir/news/502834/حملات-جنگنده-های-عراقی-به-مواضع-داعش,9
https://www.hamshahrionline.ir/news/502784/پیشرفت-واژگون-ترامپ-بحران-کرونا-رهبران-جهان-را-محبوب-تر-کرد,9
https://www.hamshahrionline.ir/news/502748/فیلم-نحوه-اقامه-نماز-جماعت-در-مسجدالحرام-در-بحران-کرونا,9
https://www.hamshahrionline.ir/news/502662/چرا-عربستان-به-یک-بدهکار-بزرگ-تبدیل-خواهد-شد,9
https://www.hamshahrionline.ir/news/502674/رنگ-آبی-بر-پیکر-هرم-بزرگ-هشدار-کرونا-تا-مصر-باستان-رفت,34
https://www.hamshahrionline.ir/news/502526/انقلاب-کرونا-در-جهان-قرنطینه-به-سبک-فرانسه,9
https://www.hamshahrionline.ir/news/502522/افزایش-تماس-های-تلفنی-روسای-جمهور-امریکا-و-روسیه-دوستی-پوتین,9
https://www.hamshahrionline.ir/news/502527/عکس-روز-ماسک-های-کلم,9
https://www.hamshahrionline.ir/news/502501/ترکیه-در-ابتلا-به-کرونا-از-ایران-پیشی-گرفت,9
https://www.hamshahrionline.ir/news/502495/آلمان-شرایط-دریافت-تابعیت-را-سخت-تر-می-کند-شروط-جدید-اعلام,9
https://www.hamshahrionline.ir/news/502444/اقدامات-جدید-شهردار-لندن-برای-مقابله-با-کرونا-در-پی-مرگ-۲۰-راننده,9
https://www.hamshahrionline.ir/news/502395/فیلم-طرح-فاصله-گذاری-اجتماعی-در-پرو,9
https://www.hamshahrionline.ir/news/502430/رونق-بازار-تابوت-در-زمانه-کرونا-جهش-۸-هزار-نفری-آمار-کشته-ها,24
https://www.hamshahrionline.ir/news/502400/پیش-بینی-۳۰۰-هزار-قربانی-کرونا-در-قاره-آفریقا,9
https://www.hamshahrionline.ir/news/502380/ایمنی-گله-ای-کار-می-کند-مبتلایان-کرونا-۵۰-تا-۸۵-برابر-آمار,9
https://www.hamshahrionline.ir/news/502310/آزمایش-سلاح-های-ضد-ماهواره-روسیه-و-شکایت-آمریکا-موشکی-که-ماهواره-ها,12
https://www.hamshahrionline.ir/news/502175/وضعیت-کشورهای-آفریقایی-با-شیوع-ویروس-کرونا,11
https://www.hamshahrionline.ir/news/502130/ماموریت-کشتی-جاسوسی-امریکا-در-خلیج-فارس-چیست,41
https://www.hamshahrionline.ir/news/502115/آمار-مرگ-های-کرونا-در-ووهان-چین-۵۰-درصد-بالا-رفت-دولت-پنهانکاری,3
https://www.hamshahrionline.ir/news/502077/فیلم-فرود-هواپیما-در-اتوبان,9
https://www.hamshahrionline.ir/news/502104/شیلی-برای-بهبودیافتگان-از-کرونا-کارت-ایمنی-صادر-می-کند,9
https://www.hamshahrionline.ir/news/502098/فیلم-توضیحات-ساده-و-مهم-مرکل-درباره-کرونا-بازدید-این-ویدئو,9
https://www.hamshahrionline.ir/news/497674/آیفون-۹-مهمترین-گوشی-سال-می-شود,9
https://www.hamshahrionline.ir/news/497417/جنجال-کندی-سرعت-اینترنت-و-نقش-صدا-وسیما-حمله-تند-آذری-جهرمی,9
https://www.hamshahrionline.ir/news/497501/فعالسازی-اینترنت-رایگان-صحت-دارد,9
https://www.hamshahrionline.ir/news/502917/همکاری-دو-غول-داروسازی-جهان-برای-ساخت-واکسن-کرونا,32
https://www.hamshahrionline.ir/news/502895/عکس-روز-درون-آی-سی-یوی-کرونا,9
https://www.hamshahrionline.ir/news/502891/سگ-های-بویاب-پزشکی-برای-شناسایی-بیماران-کرونا-آزمایش-می-شوند,9
https://www.hamshahrionline.ir/news/502682/فیلم-آیا-می-توان-ماسک-ها-را-ضد-عفونی-کرد,9
https://www.hamshahrionline.ir/news/502884/عفونت-با-ویروس-کرونا-بسیار-گسترده-تر-از-حدی-است-که-تصور-می-شد,9
https://www.hamshahrionline.ir/news/502802/یک-داروی-کرونا-احتمالا-تا-۳-ماه-آینده-به-بازار-می-آید,25
https://www.hamshahrionline.ir/news/502715/این-علائم-ربطی-به-بیماری-کووید-۱۹-ندارد,9
https://www.hamshahrionline.ir/news/502714/چه-کسانی-باید-آزمایش-کرونا-بدهند,9
https://www.hamshahrionline.ir/news/502684/فیلم-صحنه-آهسته-از-پرواز-یک-عطسه-را-ببینید,9
https://www.hamshahrionline.ir/news/502640/آیا-روابط-زناشویی-می-تواند-عامل-انتقال-کرونا-باشد-توصیه-های,9
https://www.hamshahrionline.ir/news/502764/سلولیت-بیماری-کارمندی-با-این-روش-ها-سلولیت-را-از-بین-ببرید,9
https://www.hamshahrionline.ir/news/502590/مقدمات-تولید-پادتن-کرونا-در-کشور-فراهم-شد,9
https://www.hamshahrionline.ir/news/502537/راستی-آزمایی-یک-ادعای-نگران-کننده-کرونا-چقدر-در-برابر-مواد,9
https://www.hamshahrionline.ir/news/502523/مصونیت-گروه-خونی-O-از-کرونا-صحت-دارد,9
https://www.hamshahrionline.ir/news/502521/فیلم-قطرک-های-عفونت-زایی-که-هنگام-حرف-زدن-از-دهان-ما-خارج,9
https://www.hamshahrionline.ir/news/502499/سیر-بالینی-و-بهبودی-در-بیماران-کرونا-چگونه-است,9
https://www.hamshahrionline.ir/news/502494/تست-آنتی-بادی-برای-کرونا-مصونیت-در-برابر-ویروس-را-نشان-نمی-دهد,9
https://www.hamshahrionline.ir/news/502404/احتمال-انتقال-کرونا-در-روز-بیشتر-است-یا-شب,9
https://www.hamshahrionline.ir/news/502479/همشهری-TV-همزاد-زمین-پیدا-شد,9
https://www.hamshahrionline.ir/news/502464/آغاز-کارآزمایی-بالینی-یک-داروی-جدید-برای-موارد-شدید-کووید-۱۹,25
https://www.hamshahrionline.ir/news/502182/با-بو-کشیدن-هم-می-توان-لاغر-شد,9
https://www.hamshahrionline.ir/news/502284/۱۱-نکته-برای-در-امان-ماندن-رانندگان-از-ویروس-کرونا,9
https://www.hamshahrionline.ir/news/502244/تاثیر-چاقی-بر-افزایش-احتمال-ابتلا-به-کووید-۱۹,9
https://www.hamshahrionline.ir/news/502340/نخستین-واکسن-غیرفعال-جهان-برای-مهار-کرونا-وارد-فاز-انسانی-شد,32
https://www.hamshahrionline.ir/news/502195/بازگشت-امن-فضانوردان-به-سیاره-خطرناک,9
https://www.hamshahrionline.ir/news/502197/داروی-رمدسیویر-برای-درمان-کرونا-در-کشور-تولید-می-شود,25
https://www.hamshahrionline.ir/news/502118/اکثر-گوشی-های-رده-بالا-تا-پایان-سال-۲۰۲۰-مجهز-به-فناوری-۵G-خواهند,9
https://www.hamshahrionline.ir/news/502085/فیلم-فقط-بشقاب-پرنده-کم-داشتیم-شیء-عجیب-در-آسمان-چک,9
https://www.hamshahrionline.ir/news/502102/تغییر-سطوح-فلزات-با-لیزر-خواص-ضدباکتری-به-آنها-می-دهد,9
https://www.hamshahrionline.ir/news/502513/یک-پرس-افسرد-لطفا-غذای-گوشتی-ایران-عصر-ساسانی,9
https://www.hamshahrionline.ir/news/502901/پخش-۴-متری-ویروس-کرونا-و-قابلیت-انتقال-آن-توسط-کفش-ها,9
https://www.hamshahrionline.ir/news/502840/تصاویر-زوج-سلطنتی-بریتانیا-به-کمک-گرسنگان-لس-آنجلس-شتافتند,44
https://www.hamshahrionline.ir/news/502830/چگونه-یک-خرید-اینترنتی-ایمن-داشته-باشیم-۷-نکته-ضروری-برای,9
https://www.hamshahrionline.ir/news/502512/۶-زن-علیه-کرونا-گزارشی-خواندنی-از-تجربه-موفق-رهبران-زن-دنیا,9
https://www.hamshahrionline.ir/news/502519/تعیین-تکلیف-صنعت-مد-و-پوشاک-در-فردای-کرونا-بازگشت-به-دوران,9
https://www.hamshahrionline.ir/news/502516/جزئیات-یک-طرح-شیطانی-ربودن-۲۰۰-هزار-کودک-برای-طرح-سرچشمه-زندگی,9
https://www.hamshahrionline.ir/news/502510/آخرین-آمار-رسمی-کرونا-در-ایران-و-جهان-افزایش-بی-سابقه-موارد,24
https://www.hamshahrionline.ir/news/502390/نامه-های-عاشقانه-یک-مرد-۸۴-ساله-به-همسرش-در-دوران-قرنطینه,9
https://www.hamshahrionline.ir/news/502466/پیری-پوست-با-این-نشانه-ها-ظاهر-می-شود,9
https://www.hamshahrionline.ir/news/502447/طرز-تهیه-کوکی-لاهیجان-خوشمزه-ترین-کلوچه-دنیا,4
https://www.hamshahrionline.ir/news/502421/۱۱-ماده-غذایی-مفید-برای-معده-درد,9
https://www.hamshahrionline.ir/news/502456/ایوانکا-ترامپ-هم-به-کار-ماسک-سازی-مشغول-شد,9
https://www.hamshahrionline.ir/news/502486/احتیاط-های-غذایی-برای-جلوگیری-از-انتقال-ویروس-کرونا,9
https://www.hamshahrionline.ir/news/502481/تصاویر-شاهدخت-سوئد-با-لباس-پرستاری-برای-مبارزه-با-کرونا,9
https://www.hamshahrionline.ir/news/502280/۸-دلیلی-که-نباید-پوست-تخم-مرغ-را-دور-بیندازیم,9
https://www.hamshahrionline.ir/photo/502311/تصاویر-بدنسازی-با-تبر-خلاقیتی-دور-از-ذهن-در-روزهای-کرونایی,9
https://www.hamshahrionline.ir/news/502397/عکس-فخرفروشی-رونالدو-در-قرنطینه-خانگی,9
https://www.hamshahrionline.ir/news/502116/آخرین-آمار-رسمی-کرونا-در-ایران-و-جهان-رکورد-روسیه-امیدواری,24
https://www.hamshahrionline.ir/news/502120/چطور-با-چاقی-خداحافظی-کنیم-۸-علت-از-بین-نرفتن-چربی-شکمی,9
https://www.hamshahrionline.ir/news/502405/افزایش-افسردگی-و-غم-زدگی-ایرانیان-در-زندگی-پساکرونایی,3
https://www.hamshahrionline.ir/news/502100/طرز-تهیه-پی-پخ-پیتزایی-که-وزیر-ارتباطات-برای-دستور-پختش-جایزه,9
https://www.hamshahrionline.ir/news/502014/فیلم-نبرد-با-کرونا-در-خانه-۱۱-نکته-ای-که-باید-دانست,9
https://www.hamshahrionline.ir/news/501969/ماندگاری-ویروس-کرونا-روی-سطوح-متفاوت-چقدر-است,9
https://www.hamshahrionline.ir/news/501914/طرز-تهیه-چیزکیک-فرانسوی-پخت-این-کیک-به-فر-نیاز-ندارد,4
https://www.hamshahrionline.ir/news/501912/فیلم-چگونه-عضلات-صورت-را-ورزش-دهیم-یوگای-صورت-راهی-برای,9
https://www.hamshahrionline.ir/news/501884/آخرین-آمار-کرونا-در-ایران-و-جهان-وضعیت-اضطراری-در-ژاپن-افزایش,24
https://www.hamshahrionline.ir/news/501710/سیستم-ایمنی-بدن-را-با-این-۱۴-خوراکی-تقویت-کنید,4
https://www.hamshahrionline.ir/news/501714/چطور-به-بچه-ها-یاد-بدهیم-در-دوران-کرونا-با-تنهایی-کنار-بیایند,9
https://www.hamshahrionline.ir/news/501731/حکایت-آنهایی-که-از-کرونا-کره-می-گیرند-لاغری-مجازی-با-متخصص,9
https://www.hamshahrionline.ir/news/502043/عکس-روز-نوای-عشق-جوانان-تهرانی-در-تالار-حافظ,9
https://www.hamshahrionline.ir/news/502022/کنسرت-آنلاین-کیوان-ساکت-و-وحید-تاج-در-تالار-وحدت,9
https://www.hamshahrionline.ir/news/501982/هنرمند-ایرانی-۸-سال-پیش-تصویر-کرونا-را-به-چین-برد,3
https://www.hamshahrionline.ir/news/501995/کامران-جمالی-درگذشت,9
https://www.hamshahrionline.ir/news/501476/جایگاه-میراث-فرهنگی-در-مدیریت-بحران,9
https://www.hamshahrionline.ir/news/501787/فیلم-همخوانی-قاری-ایرانی-با-خواننده-تازه-مسلمان-شده-آمریکایی,3
https://www.hamshahrionline.ir/news/500929/درباره-کتابی-که-اگر-نخواندید-عمرتان-بر-فناست,9
https://www.hamshahrionline.ir/news/500848/سوءتفاهم-چاوشی-و-دوستانش-مناقشه-ای-که-خواننده-پاپ-با-انتشار,42
https://www.hamshahrionline.ir/news/501721/ببینید-اثر-بنکسی-در-قرنطینه,9
https://www.hamshahrionline.ir/news/501737/عکس-نخستین-گروه-موسیقی-دانش-آموزی-در-ایران,9
https://www.hamshahrionline.ir/news/501672/عکس-لایو-اینستاگرامی-رضا-صادقی-با-۲-خواننده-لس-آنجلسی,42
https://www.hamshahrionline.ir/news/501606/کرونا-نفس-مهد-موسیقی-جهان-را-گرفت,9
https://www.hamshahrionline.ir/news/501678/نماز-جمعه-۲۹-فروردین-هم-برگزار-نمی-شود,9
https://www.hamshahrionline.ir/news/501661/تقدیر-از-نقاش-چهره-سردار-سلیمانی-در-گردهمایی-فرماندهان-بسیج-قوه,10
https://www.hamshahrionline.ir/news/501602/آغاز-به-کار-نگارخانه-های-هنرهای-تجسمی,14
https://www.hamshahrionline.ir/news/501297/بشنوید-این-نواهای-ایرانی-برنده-ی-موزیک-جهانی-۲۰۲۰-شدند,9
https://www.hamshahrionline.ir/news/501289/پیشنهادهای-استودیو-میازاکی-برای-در-خانه-ماندن-روح-جنگلی-قلعه,9
https://www.hamshahrionline.ir/news/501324/موسسه-های-تولید-موسیقی-وزارت-ارشاد-را-دور-می-زنند-شعرهای-محسن,42
https://www.hamshahrionline.ir/news/501326/یک-رمان-تاریخی-برنده-بوکر-عربی-۲۰۲۰-شد,10
https://www.hamshahrionline.ir/news/501322/انتشار-مجموعه-شعر-جدید-شفیعی-کدکنی-پس-از-۲۳-سال,42
https://www.hamshahrionline.ir/news/501310/همشهری-آوا-پادکست-تهران-گفت-قسمت-هجدهم-ستاره-دانشنامه-نویسی,9
https://www.hamshahrionline.ir/news/501270/آنلاین-کنسرت-یانی-را-ببینید,9
https://www.hamshahrionline.ir/news/502789/فیلم-وزیر-جوان-ارتباطات-را-در-سریال-نون-خ-ببینید,33
https://www.hamshahrionline.ir/news/502756/پیام-جعفری-جوزانی-برای-مرحوم-شایقی-۷-سال-گذشته-بدترین-دوران,42
https://www.hamshahrionline.ir/news/502769/کنایه-وزیر-ارتباطات-به-صدا-و-سیما-فرکانس-های-خالی-را-به-مردم,33
https://www.hamshahrionline.ir/news/502618/احتمال-بازگشایی-سینماها-در-عید-فطر-کمدی-ها-در-صف-اول-اکران,42
https://www.hamshahrionline.ir/news/502623/خواجه-امیری-برای-فصل-سوم-بچه-مهندس-می-خواند,42
https://www.hamshahrionline.ir/news/502650/سلبریتی-های-۲۰-سال-پیش-خاطره-بازی-با-دست-های-آلوده-و-موسیقی,42
https://www.hamshahrionline.ir/news/502638/ماجراجویی-تازه-خالقان-وضعیت-سفید-ایرانگردی-رمضانی-با-ستاره-های,23
https://www.hamshahrionline.ir/news/502454/ناصر-طهماسب-راوی-هشتگ-سرباز-شد,9
https://www.hamshahrionline.ir/news/502458/کرونا-جانی-دپ-را-صاحب-۲-میلیون-فالوئر-کرد,9
https://www.hamshahrionline.ir/news/502338/نون-خ-ادامه-می-یابد-ماجرای-صحنه-ای-که-از-سریال-حذف-شد,33
https://www.hamshahrionline.ir/news/502402/بیانیه-اعتراضی-سینماگران-چرا-صدا-و-سیما-از-سینما-آنلاین-حمایت,42
https://www.hamshahrionline.ir/news/502399/ایدن-ترنر-در-قامت-لئوناردو-داوینچی-درآمد,42
https://www.hamshahrionline.ir/news/502401/بازگشایی-سینماهای-آمریکا-تا-چند-ماه-آینده,42
https://www.hamshahrionline.ir/news/502341/فیلم-پای-احمدی-نژاد-به-نون-خ-باز-شد,33
https://www.hamshahrionline.ir/news/502331/همبستگی-جشنواره-های-کن-و-ونیز-فیلم-و-سینما-بر-کرونا-چیره-می-شود,42
https://www.hamshahrionline.ir/news/502277/اقدام-مجرمانه-چند-سینماگر-فعالیت-پروژه-های-متخلف-در-بحران-کرونا,9
https://www.hamshahrionline.ir/news/502261/فیلم-کنایه-های-ژیلا-صادقی-به-مهران-مدیری,10
https://www.hamshahrionline.ir/news/502271/سریال-کودکانه-در-شبکه-نمایش-خانگی-دیو-و-ماه-پیشونی-به-زودی,42
https://www.hamshahrionline.ir/news/502159/فیلم-کنایه-نون-خ-به-شعرخوانی-در-مجلس-و-ماجرای-قتل-میترا,33
https://www.hamshahrionline.ir/news/502035/دیدار-با-زائور-داخته-فیلمبردار-و-عکاس-مشهور-تاجیکستان-مردی,42
https://www.hamshahrionline.ir/news/502027/حضور-یک-هفته-ای-ساموئل-ال-جکسون-در-شبکه-نمایش,42
https://www.hamshahrionline.ir/news/501873/۲۱۰-هزار-تماشاگر-و-یک-میلیارد-فروش-برای-خروج-حاتمی-کیا,42
https://www.hamshahrionline.ir/news/500890/ببینید-توصیه-آندری-تارکوفسکی-برای-روزهای-قرنطینه-فرار-از,9
https://www.hamshahrionline.ir/news/501601/خاکسپاری-یک-سینماگر-بدون-سلبریتی-ها-سیامک-شایقی-فردا-راهی-خانه,42
https://www.hamshahrionline.ir/news/501585/فیلمی-از-کرونای-دانشجوبان-ایرانی-در-ووهان-مستند-نفس-گیر-به,3
https://www.hamshahrionline.ir/news/501682/بازداشت-محمود-شهریاری-تایید-شد-دلیل-بازداشت-اعلام-شد,10
https://www.hamshahrionline.ir/news/498162/بیماری-و-بیکاری-در-کمین-فراموش-شدگان-کرونا-سلامت-کارگران-چقدر,0
https://www.hamshahrionline.ir/news/495196/بازتاب-عملکرد-مثبت-میادین-میوه-و-تره-بار,4
https://www.hamshahrionline.ir/news/492899/گلرنگ-۱-۰۰۰-۰۰۰-ماسک-ان۹۵-به-قهرمانان-سلامت-کشور-اهدا-می-کند,44
https://www.hamshahrionline.ir/news/502500/حکم-رهبر-معظم-انقلاب-درباره-روزه-ماه-رمضان-هنگام-شیوع-کرونا,4
https://www.hamshahrionline.ir/news/502484/درخواست-پمپئو-از-شورای-امنیت-برای-تمدید-محدودیت-های-تسلیحاتی,3
https://www.hamshahrionline.ir/news/502480/رایزنی-رحمانی-فضلی-با-وزیر-کشور-ترکیه-درباره-ایرانیان-محبوس-در,3
https://www.hamshahrionline.ir/news/502483/اظهارات-مهم-سخنگوی-دولت-درباره-فعالیت-مدارس-امتحانات-و-کنکور,13
https://www.hamshahrionline.ir/news/502469/صحت-مرحله-اول-انتخابات-مجلس-تایید-شد-احتمال-تغییر-در-زمان-برگزاری,19
https://www.hamshahrionline.ir/news/502472/بیانیه-گلایه-آمیز-عادل-آذر-گزارش-محرمانه-تفریغ-بودجه-۴-اسفند,21
https://www.hamshahrionline.ir/news/502463/پاسخ-ربیعی-به-انعکاس-نادرست-یک-خبر-ورود-اتباع-کشورهای-همسایه,9
https://www.hamshahrionline.ir/news/502434/همشهری-TV-بیژن-جزنی-که-بود-و-چگونه-اعدام-شد,9
https://www.hamshahrionline.ir/photo/502433/تصاویر-تحویل-هواپیماهای-بدون-سرنشین-رزمی-به-ارتش,1
https://www.hamshahrionline.ir/news/502367/عکس-کنایه-تند-آذری-جهرمی-به-اپراتورها-این-صف-در-شرایط-کرونا,9
https://www.hamshahrionline.ir/news/502316/اگر-درباره-وام-کرونا-سئوال-دارید-بخوانید-احتمال-افزایش-وام,5
https://www.hamshahrionline.ir/news/501191/نگرانی-از-شیوع-پاتوژن-گونه-های-گیاهی-در-اروپا,16
https://www.hamshahrionline.ir/news/501166/سامانه-بارشی-با-گذر-از-آسمان-خراسان-به-جنوب-کشور-می-رود,36
https://www.hamshahrionline.ir/news/501082/۲۶-فروردین-هوای-پایتخت-سالم-است,27
https://www.hamshahrionline.ir/news/502278/بحران-در-بارسلونا-به-جز-سه-بازیکن-همه-در-لیست-فروش-قرار-دارند,10
https://www.hamshahrionline.ir/news/502286/دوپینگ-۳-کشتی-گیر-ایرانی-مثبت-شد,9
https://www.hamshahrionline.ir/news/502302/سخت-گیری-عجیب-لالیگا-بازیکنان-سه-بار-آزمایش-کرونا-می-دهند,10
https://www.hamshahrionline.ir/news/502209/پروفسور-بریتانیایی-برگزاری-المپیک-در-سال-۲۰۲۱-هم-واقع-بینانه,9
https://www.hamshahrionline.ir/news/502233/کورتوا-به-خاطر-کاسیاس-دروازه-بان-شدم,10
https://www.hamshahrionline.ir/news/502232/همراه-همسر-و-چهار-فرزند-دن-آندرس-در-موقعیتی-که-هرگز-ندیده-اید,10
https://www.hamshahrionline.ir/news/502204/سریع-ترین-بازیکنان-فوتبال-جهان-خبری-از-مسی-و-رونالدو-نیست,10
https://www.hamshahrionline.ir/news/502198/بشار-رسن-قطعا-از-پرسپولیس-جدا-می-شوم,9
https://www.hamshahrionline.ir/news/502163/جزئیات-پیروزی-شگفت-انگیز-نوجوان-شطرنج-ایران-بر-مگنوس-کارلسن,3
https://www.hamshahrionline.ir/news/502140/حسینی-تنها-راه-ضربه-زدن-به-استقلال-رفتن-استراماچونی-بود,10
https://www.hamshahrionline.ir/news/502143/مسئول-حقوقی-فدراسیون-فوتبال-درخواست-پاداش-کی-روش-با-نامه-فدراسیون,10
https://www.hamshahrionline.ir/news/502452/خرما-در-آستانه-ماه-مبارک-رمضان-گران-می-شود,4
https://www.hamshahrionline.ir/news/502487/عبور-ارزش-بورس-از-مرز-۱۹۰-میلیارد-دلار,6
https://www.hamshahrionline.ir/news/502482/سقوط-نفت-به-۱۸-دلار-از-ترس-کمبود-فضا,40
https://www.hamshahrionline.ir/news/502468/اطلاعیه-وزارت-کار-درباره-وام-کرونا-تمدید-مهلت-ارسال-درخواست,9
https://www.hamshahrionline.ir/news/502478/همشهری-آوا-پادکست-عصرانه-با-خبر-۳۰-فروردین-۹۹-تازه-ترین,9
https://www.hamshahrionline.ir/news/502467/مراجعه-حضوری-به-سایپا-تا-اطلاع-ثانوی-امکان-پذیر-نیست,9
https://www.hamshahrionline.ir/news/502471/پنج-نکته-درباره-وام-یک-میلیون-تومانی,5
https://www.hamshahrionline.ir/news/502348/ورود-تعزیرات-به-ماجرای-لیمو-شناسایی-۵-محتکر-اتحادیه-بارفروشان,9
https://www.hamshahrionline.ir/news/502264/توزیع-۱۲۰۰-تن-مرکبات-احتکارشده-از-امروز-لیمو-ترش-و-شیرین-ارزان,9
https://www.hamshahrionline.ir/news/502377/ماجرای-زنده-به-گور-کردن-جوجه-ها-چه-کسی-دستور-داد-واکنش,9
https://www.hamshahrionline.ir/news/502426/کاهش-۱۰۰-هزار-تومانی-نرخ-سکه-جدیدترین-قیمت-طلا-و-سکه,31
https://www.hamshahrionline.ir/news/502411/رکورد-تازه-بورس-تهران-شاخص-کل-از-۶۵۰-هزار-واحد-گذشت,6
https://www.hamshahrionline.ir/news/502368/دلار-۱۰۰-تومان-ارزان-شد-آخرین-نرخ-ارزها,46
https://www.hamshahrionline.ir/news/502393/جزئیات-اختصاص-۲-میلیون-تومان-سهام-به-هر-کد-ملی,6
https://www.hamshahrionline.ir/news/502153/افزایش-قیمت-خودرو-با-اجرای-استاندارد-یورو-۵,15
https://www.hamshahrionline.ir/news/502129/کاهش-مصرف-بنزین-منجر-به-صادرات-می-شود,9
https://www.hamshahrionline.ir/news/502114/جدول-حقوق-و-مزایای-کارگران-در-سال-۹۹-مزد-خود-را-چگونه-محاسبه,0
https://www.hamshahrionline.ir/news/502133/رشد-اقتصادی-آسیا-به-پایین-ترین-سطح-۶۰-ساله-می-رسد,9
https://www.hamshahrionline.ir/news/502121/چه-کسانی-از-لیست-وام-کرونایی-خط-می-خورند,9
https://www.hamshahrionline.ir/news/502132/بیکاری-۵-میلیون-نفر-در-آمریکا-در-یک-هفته-اخیر,9
https://www.hamshahrionline.ir/news/502062/فیلم-تست-کرونا-برای-خدمه-ناوهواپیمابر-فرانسوی-شارل-دوگل,9
https://www.hamshahrionline.ir/news/502086/آلمان-مدعی-شد-کرونا-قابل-کنترل-شد,9
https://www.hamshahrionline.ir/news/501988/تصاویر-تظاهرات-علیه-قرنطینه-در-آمریکا,9
https://www.hamshahrionline.ir/news/501893/سفر-خانوادگی-ایوانکا-دختر-ترامپ-قرنطینه-کرونا-را-دور-زد,9
https://www.hamshahrionline.ir/news/501936/چین-به-اشتباه-آماری-در-کرونا-اعتراف-کرد-تلفات-زیاد-شد,3
https://www.hamshahrionline.ir/news/501896/پزشک-جنجالی-فرانسوی-زمان-پایان-کرونا-را-اعلام-کرد,9
https://www.hamshahrionline.ir/news/501924/جزئیات-گفت-وگوی-پمپئو-با-مقامات-سه-کشور-منطقه-درباره-ایران,3
https://www.hamshahrionline.ir/news/501899/جدیدترین-شیرین-کاری-ترامپ-را-ببینید,9
https://www.hamshahrionline.ir/news/501898/سنگاپور-چگونه-توانست-در-مقابل-کرونا-موفق-عمل-کند,9
https://www.hamshahrionline.ir/news/502096/کشف-خواص-ضد-کرونایی-یک-داروی-تجربی-چطور-رمدسیویر-بر-ضد-ویروس,25
https://www.hamshahrionline.ir/news/502067/زمین-احتمالی-بعدی-کشف-شد,9
https://www.hamshahrionline.ir/news/502089/عکس-روز-بازگشت-به-زمین-در-میانه-کرونا,9
https://www.hamshahrionline.ir/news/502057/فیلم-چه-کسانی-در-برابر-کرونا-آسیب-پذیرترند-با-لباس-های-بیرون,9
https://www.hamshahrionline.ir/news/501905/علت-خلط-سینه-چیست,9
https://www.hamshahrionline.ir/news/501897/کروناویروس-چه-اثراتی-بر-افراد-دچار-فشار-خون-بالا-می-گذارد,9
https://www.hamshahrionline.ir/news/501795/قطرک-های-تنفسی-بیماران-کرونا-ممکن-است-تا-فاصله-۸-متری-پخش-شوند,9
https://www.hamshahrionline.ir/news/500365/شما-هم-این-روزها-رویاهای-عجیب-می-بینید,9
https://www.hamshahrionline.ir/news/501453/روشی-صددرصد-کاربردی-برای-نجات-جان-بیماران-کرونایی,9
https://www.hamshahrionline.ir/news/501746/گزارش-از-چین-اکثریت-ناقلان-بی-علامت-کروناویروس-هرگز-بیمار-نمی-شوند,3
https://www.hamshahrionline.ir/news/502668/تکلیف-تعطیلی-دانشجویان-دانشگاه-آزاد-مشخص-شد-جزئیات-کلاس-های,13
https://www.hamshahrionline.ir/photo/502761/تصاویر-غریبانه-ترین-خداحافظی,9
https://www.hamshahrionline.ir/news/502766/جدیدترین-آمار-مبتلایان-و-فوتی-های-کرونا-در-ایران-۸۷-فوتی-در,9
https://www.hamshahrionline.ir/news/501264/همشهری-TV-پدرسالار-سینمای-ایران-۹۰-ساله-شد,42
https://www.hamshahrionline.ir/news/501098/عکس-واکنش-آیت-الله-سیستانی-به-حکم-حبس-شخص-اهانت-کننده-به-او,9
https://www.hamshahrionline.ir/news/501540/ثبت-روزگار-کرونایی-روی-صحنه-عشق-سال-های-وبا-عشق-روزهای,9
https://www.hamshahrionline.ir/news/501656/محمود-شهریاری-بازداشت-شد,10
https://www.hamshahrionline.ir/news/501611/آنتن-شبکه-های-سیما-معرفی-فیلم-های-سینمایی-آخر-هفته,42
https://www.hamshahrionline.ir/news/501564/تئاتر-خانوادگی-در-دوران-قرنطینه-صاحب-جشنواره-شد,42
https://www.hamshahrionline.ir/news/501536/ده-نمکی-سریال-می-سازد,42
https://www.hamshahrionline.ir/news/501554/دل-نوشته-رضا-کیانیان-برای-خالق-مادرم-گیسو,9
https://www.hamshahrionline.ir/news/492858/مایع-ظرفشویی-که-برای-سلامتی-ضرر-ندارد,9
https://www.hamshahrionline.ir/news/491927/آیا-غلظت-مایع-ظرفشویی-به-معنی-کیفیت-و-برتری-آن-است,9
https://www.hamshahrionline.ir/news/489748/چطور-در-زمان-شیوع-بیماری-ویروسی-خرید-سالم-و-بی-خطری-داشته-باشیم,9
https://www.hamshahrionline.ir/news/489242/استخراج-بیت-کوین-با-آی-ماینر-ماشین-پولسازیتو-روشن-کن,9
https://www.hamshahrionline.ir/news/489081/تأمین-نیاز-کارخانجات-تولیدی-و-صنایع-داخلی-به-انواع-ورق-استیل,9
https://www.hamshahrionline.ir/news/502841/افزایش-۷۵-درصدی-تردد-در-تهران-وضعیت-تهران-را-ببینید,9
https://www.hamshahrionline.ir/news/502903/شمار-تلفات-کرونا-در-ترکیه-از-۲۰۰۰-مورد-گذشت-شمار-موارد-عفونت,9
https://www.hamshahrionline.ir/news/501620/چگونه-صورتمان-را-چاق-کنیم-۱۲-روش-طبیعی-برای-داشتن-گونه-های,9
https://www.hamshahrionline.ir/news/502909/یحیی-گل-محمدی-دستشان-به-جام-نمی-رسد-می-گویند-لیگ-را-لغو-کنید,37
https://www.hamshahrionline.ir/news/502904/شمار-تلفات-کرونا-در-اروپا-از-۱۰۰۰۰۰-گذشت-اروپا-از-قله-موج-اول,9
https://www.hamshahrionline.ir/news/502279/کرونا-چه-نسبتی-با-ظهور-امام-زمان-دارد-چرا-طاعون-و-وبا-و,3
https://www.hamshahrionline.ir/news/502329/عکس-انسداد-خط-ورود-تجهیزات-پزشکی-و-دارو-از-کره-جنوبی-رد-پای,25
https://www.hamshahrionline.ir/news/502283/دومین-بسته-حمایتی-کرونا-امشب-واریز-می-شود,9
https://www.hamshahrionline.ir/news/502327/شرط-بازگشایی-مراکز-آموزشی-تقسیم-بندی-استان-ها-از-نظر-شیوع,14
https://www.hamshahrionline.ir/news/502289/بخشنامه-جدید-تامین-اجتماعی-درباره-حق-بیمه-دستمزد-روزانه-مبنا,0
https://www.hamshahrionline.ir/news/502287/چرا-منتخبان-اصولگرای-مجلس-یازدهم-بدون-ماسک-به-دیدار-حاشیه-نشین-ها,44
https://www.hamshahrionline.ir/news/502296/الزام-بانک-ها-برای-استمهال-اقساط-زیان-دیدگان-کرونا,9
https://www.hamshahrionline.ir/news/502294/واکنش-استانداری-تهران-به-پیشنهاد-شناور-شدن-ساعت-کاری-ادارات,14
https://www.hamshahrionline.ir/news/500619/کلانتری-خودروسازان-فقط-به-دنبال-منافع-خود-هستند,16
https://www.hamshahrionline.ir/news/500721/هشدار-فائو-درباره-تأثیر-ویروس-کرونا-بر-زنجیره-تأمین-غذا,9
https://www.hamshahrionline.ir/news/500844/بحران-در-شرق-آفریقا-حمله-همزمان-ویروس-کرونا-و-طاعون-ملخ,9
https://www.hamshahrionline.ir/news/502507/عکس-شوخی-طنز-علی-کریمی-با-کرونا,42
https://www.hamshahrionline.ir/news/502105/توضیحات-نبی-در-خصوص-شکایت-کی-روش-و-زمان-آغاز-لیگ-برتر,10
https://www.hamshahrionline.ir/news/502070/توافقات-اولیه-برای-بازگرداندن-کاپیتان-رحمتی-به-استقلال,10
https://www.hamshahrionline.ir/news/502068/استقلال-در-انتظار-عملی-شدن-اولین-قول-مدیر-عامل,10
https://www.hamshahrionline.ir/news/502041/عکس-واکنش-جنجالی-فرهاد-مجیدی-به-هواداران-پرسپولیس,10
https://www.hamshahrionline.ir/news/502042/روایتی-تازه-از-پایان-ماجرای-استراماچونی-افشای-عمدی-قرارداد,10
https://www.hamshahrionline.ir/news/502072/مثبت-شدن-تست-کرونای-تعداد-دیگری-از-ورزشکاران,9
https://www.hamshahrionline.ir/news/502078/لیست-فرهاد-مجیدی-برای-فصل-بعد-استقلال,10
https://www.hamshahrionline.ir/news/502125/نبود-تعادل-بین-عرضه-و-تقاضا-منجر-به-معدوم-سازی-جوجه-ها-شد,9
https://www.hamshahrionline.ir/news/502051/تنها-راه-برای-دریافت-وام-یک-میلیون-تومانی-دولت,5
https://www.hamshahrionline.ir/news/502095/همشهری-آوا-پادکست-عصرانه-با-خبر-۲۹-فروردین-۹۹-ایران-و-جهان,9
https://www.hamshahrionline.ir/news/501895/عکس-دردسر-سوار-شدن-وزیر-بهداشت-آلمان-به-آسانسور-شلوغ,9
https://www.hamshahrionline.ir/news/501922/واکنش-جالب-مقام-یمنی-به-نزدیکی-شناورهای-ایرانی-به-ناو-آمریکایی,3
https://www.hamshahrionline.ir/news/501888/عکس-درخواست-توئیتری-دخترعموی-بن-سلمان-از-زندان,9
https://www.hamshahrionline.ir/news/501911/عکس-روز-تشویق-در-منهتن,9
https://www.hamshahrionline.ir/news/502118/اکثر-گوشی-های-رده-بالا-مجهز-به-فناوری-۵G-تا-پایان-سال-۲۰۲۰-خواهند,9
https://www.hamshahrionline.ir/news/501745/آیا-واکسنی-صد-ساله-می-تواند-در-برابر-کرونا-محافظت-ایجاد-کند,32
https://www.hamshahrionline.ir/news/501739/نخستین-مورد-سرایت-کرونا-از-جنازه-در-تایلند-گزارش-شد,9
https://www.hamshahrionline.ir/news/501423/نقش-کودکان-در-پراکندن-ویروس-کرونا-چیست,9
https://www.hamshahrionline.ir/news/501726/دیابتی-ها-در-دوران-شیوع-کرونا-چه-احتیاطاتی-را-باید-رعایت-کنند,9
https://www.hamshahrionline.ir/photo/502491/فاصله-بی-فاصله-این-تهران-میزبان-خوبی-برای-کروناست,9
https://www.hamshahrionline.ir/news/502535/عموی-پیر-زن-جوان-و-مسافر-عسلویه-ترافیک-تهران-آدم-رباها-را,9
https://www.hamshahrionline.ir/news/502532/قتل-تازه-داماد-فقط-به-خاطر-یک-نگاه,9
https://www.hamshahrionline.ir/news/502533/آرمان-بار-دیگر-به-اتهام-قتل-غزاله-محاکمه-می-شود,9
https://www.hamshahrionline.ir/news/502530/اعلام-زمان-برگزاری-امتحانات-نهایی-و-کنکور-سراسری-امتحانات-نهایی,13
https://www.hamshahrionline.ir/news/502528/اعلام-موفق-ترین-استان-در-مقابله-با-کرونا-پیش-بینی-وزارت-بهداشت,9
https://www.hamshahrionline.ir/news/500929/درباره-کتابی-که-اگر-نخواندید-عمرتان-بر-فناست,9
https://www.hamshahrionline.ir/news/501450/واکنش-داروغه-زاده-به-شوخی-نون-خ-با-جشنواره-فجر-اگر-با-قوه,33
https://www.hamshahrionline.ir/news/501459/درگذشت-فیلمساز-قدیمی-سینمای-ایران-شایقی-تسلیم-سرطان-شد,42
https://www.hamshahrionline.ir/news/501422/فیلم-متلک-سعید-آقاخانی-به-سیمرغ-های-جشنواره-فجر,33
https://www.hamshahrionline.ir/news/501413/کارکنان-سینما-۶۰-سال-پیش-چه-حقوقی-می-گرفتند,9
https://www.hamshahrionline.ir/news/501184/بچه-ها-و-عروسک-ها-مقابل-کرونا-برگزیدگان-خود-را-شناخت,9
https://www.hamshahrionline.ir/news/502548/ماجرای-عجیب-کشتی-گیر-ایرانی-عمدا-دوپینگ-کردم-بی-صبرانه-منتظر,45
https://www.hamshahrionline.ir/news/502082/بیرانوند-بعد-از-کرونا-برای-تست-به-بلژیک-می-روم,10
https://www.hamshahrionline.ir/news/502083/موج-داغ-قیمت-سازی-در-بازار-مسکن,8
https://www.hamshahrionline.ir/news/501891/موفقیت-شکننده-آلمان-در-مقابل-ویروس-کرونا-گام-های-کوچک-برای,9
https://www.hamshahrionline.ir/news/501889/ادامه-بحران-کرونا-رئیس-جمهوری-برزیل-وزیر-بهداشت-را-برکنار-کرد,9
https://www.hamshahrionline.ir/news/502208/واکنش-تند-یک-نماینده-به-گزارش-دیوان-محاسبات-روحانی-با-کسانی,21
https://www.hamshahrionline.ir/news/502191/پساکرونای-وحشتناکی-خواهیم-داشت-پر-از-افزایش-بیکاری-و-نرخ-تورم,9
https://www.hamshahrionline.ir/news/502181/زنگنه-می-تواند-خواسته-مهم-روحانی-را-اجابت-کند,40
https://www.hamshahrionline.ir/news/502167/چه-کسانی-وام-یارانه-۲-میلیون-تومانی-دریافت-خواهند-کرد,5
https://www.hamshahrionline.ir/news/502157/تصاویر-کمتر-دیده-شده-از-کوهپیمایی-رهبر-انقلاب,1
https://www.hamshahrionline.ir/news/502150/عکس-فرمانده-ارتش-و-فرمانده-سپاه-قدس-در-کنار-یکدیگر,1
https://www.hamshahrionline.ir/news/502108/آنها-که-دولت-را-متهم-یا-تخریب-می-کنند-به-نظام-جفا-می-کنند,3
https://www.hamshahrionline.ir/news/502049/اشتباه-اصلاح-طلبان-التماس-به-روحانی-بود-میرسلیم-نمی-تواند-مقابل,38
https://www.hamshahrionline.ir/news/502137/قایق-های-تندرو-ایرانی-اطراف-ناو-امریکایی-ویژگی-ناوها-و-شناورهای,1
https://www.hamshahrionline.ir/news/502076/کرونا-دستمزد-کی-روش-را-کاهش-داد,10
https://www.hamshahrionline.ir/news/502054/فیلم-عجیب-ترین-و-هیجان-انگیزترین-گزارش-شطرنج-پیروزی-تاریخی,9
https://www.hamshahrionline.ir/news/502031/اولیایی-خطر-انحلال-استقلال-را-تهدید-می-کند,10
https://www.hamshahrionline.ir/news/502025/مسئولان-فدراسیون-فوتبال-برای-بررسی-قرارداد-بازیکنان-گردهم-می-آیند,10
https://www.hamshahrionline.ir/news/502081/ردیابی-دلارهای-۴۲۰۰-تومانی-از-میرداماد-تا-برزیل,21
https://www.hamshahrionline.ir/news/502080/جزئیات-عرضه-بزرگترین-هلدینگ-های-صنعتی-و-معدنی-دولت-در-بورس,6
https://www.hamshahrionline.ir/news/501876/قرنطینه-کرونا-سه-هفته-دیگر-در-بریتانیا-ادامه-می-یابد,9
https://www.hamshahrionline.ir/news/497472/نسخه-الکترونیکی-روزنامه-همشهری-نخستین-شماره-سال-۱۳۹۹,9
https://www.hamshahrionline.ir/news/502521/فیلم-قطرک-های-عفونت-زایی-که-هنگام-حرف-زدن-از-دهان-ما-خارج,9
https://www.hamshahrionline.ir/news/501734/آخرین-آمار-رسمی-کرونا-در-ایران-و-جهان-جدیدترین-رده-بندی-و-جایگاه,24
https://www.hamshahrionline.ir/news/501495/چرا-داشتن-کمی-اضطراب-در-برابر-کرونا-مفید-است,9
https://www.hamshahrionline.ir/news/501340/زمان-احتمالی-موج-دوم-کرونا-در-ایران-چه-ماهی-است,3
https://www.hamshahrionline.ir/news/501470/طرز-تهیه-گوش-فیل-دستور-پختی-آسان-و-سریع,4
https://www.hamshahrionline.ir/news/501622/عکس-هندی-ها-با-این-روش-مردگان-کرونایی-را-دفن-می-کنند,9
https://www.hamshahrionline.ir/news/501690/عکس-تشکیل-کلاس-درس-با-رعایت-فاصله-اجتماعی,9
https://www.hamshahrionline.ir/news/501062/پخش-کنندگان-غیرمجاز-خروج-گرفتار-شدند,42
https://www.hamshahrionline.ir/news/493558/فیلم-ترفند-کرونایی-برای-سفر-ماشین-را-با-تریلی-می-فرستند,9
https://www.hamshahrionline.ir/news/501871/حمله-شدید-برنده-نوبل-اقتصاد-به-ترامپ-دست-های-او-به-خون-قربانیان,9
https://www.hamshahrionline.ir/news/501671/سازمان-جهانی-بهداشت-خطر-سرایت-کرونا-از-اجساد-اندک-است,9
https://www.hamshahrionline.ir/news/501392/در-روزهای-کرونایی-با-دندان-دردمان-چه-کنیم,9
https://www.hamshahrionline.ir/news/502453/تهران-در-اولین-روز-فاصله-گذاری-هوشمند-چقدر-شلوغ-شد-۶-تصویر,9
https://www.hamshahrionline.ir/news/502475/فیلم-درمان-رایگان-کرونا-یا-فیش-های-میلیونی,25
https://www.hamshahrionline.ir/news/501019/فیلم-درخواست-کرونایی-کیهان-کلهر-از-مردم,42
https://www.hamshahrionline.ir/news/500976/نظر-آیت-الله-فاضل-لنکرانی-درباره-وام-۱۲-درصدی-در-دوره-کرونا,9
https://www.hamshahrionline.ir/news/502725/جزئیات-پرداخت-کارت-هدیه-و-تسهیلات-قرض-الحسنه-بنیاد-مستضعفان-اجاره,8
https://www.hamshahrionline.ir/news/502802/داروی-کرونا-تا-۳-ماه-آینده-به-بازار-می-آید,25
https://www.hamshahrionline.ir/news/501999/نویر-بایرن-مونیخ-خداحافظی-نه-چندان-دوستانه,10
https://www.hamshahrionline.ir/news/501996/رادار-اینتر-جایگزین-های-ستاره-آرژانتینی-را-پیدا-می-کند,10
https://www.hamshahrionline.ir/news/502527/عکس-روز-ماسک-های-کلم,9
https://www.hamshahrionline.ir/news/502906/عکس-شادی-دیاباته-گونه-یک-پرستار-در-بیمارستان,9
https://www.hamshahrionline.ir/news/502899/عکس-دستیار-اسپانیایی-مجیدی-در-راه-ایران,10
https://www.hamshahrionline.ir/news/502688/عکس-روز-باشکوه-مهرداد-اولادی-در-آزادی,10
https://www.hamshahrionline.ir/news/502733/دستور-وزیر-بهداشت-برای-تکمیل-سریع-پرونده-بیماران-و-فوتی-مشکوک,9
https://www.hamshahrionline.ir/news/502735/واکنش-ستاد-حمایت-کرونا-به-ازدحام-دریافت-سیم-کارت-جان-سرپرستان,5
https://www.hamshahrionline.ir/news/502725/جزئیات-کارت-هدیه-و-تسهیلات-قرض-الحسنه-بنیاد-مستضعفان-اجاره,8
https://www.hamshahrionline.ir/news/502849/فعالیت-پاساژها-و-بازار-تهران-از-فردا-بلامانع-است-اما-با-یک-شرط,14
https://www.hamshahrionline.ir/news/502727/حواشی-بازگشت-دانشجویان-ایرانی-از-خارج-کشور-برخی-حاضر-به-تست,3
https://www.hamshahrionline.ir/news/502897/هشدار-ترددها-در-تهران-باعث-افزایش-ناقلین-کرونا-شد,9
https://www.hamshahrionline.ir/news/502131/۴۵-سال-از-تیرباران-بیژن-جزنی-گذشت-از-سیاهکل-تا-تپه-های-اوین,9
https://www.hamshahrionline.ir/news/502122/مجادله-کدخدایی-با-نمایندگان-مطهری-کدخدایی-عذاب-وجدان-دارد,19
https://www.hamshahrionline.ir/news/502117/یک-احمدی-نژادی-نامزد-ریاست-مجلس-شد-کنایه-های-مخالفان-قالیباف,7
https://www.hamshahrionline.ir/news/502452/قیمت-خرما-در-آستانه-ماه-مبارک-رمضان-گران-می-شود,4
https://www.hamshahrionline.ir/news/502497/بررسی-تغییر-ساعت-کاری-در-جلسه-فردای-ستاد-کرونا-وزارت-بهداشت,14
https://www.hamshahrionline.ir/news/501212/۲۵-۵۳۶-۴۴۲-دقیقه-تا-باز-شدن-قفل-فرزندان-خود-را-با-تکنولوژی,10
https://www.hamshahrionline.ir/news/502891/سگ-های-بویاب-پزشکی-برای-شناسایی-بیمارن-کرونا-آزمایش-می-شوند,9
https://www.hamshahrionline.ir/news/501987/کری-ورمرزیار-با-عابدزاده-در-جنجالی-ترین-دربی-تاریخ,10
https://www.hamshahrionline.ir/news/502002/زمان-ثبت-نام-وام-ضروری-بازنشستگان-تعویق-دو-ماهه-اقساط-وام,0
https://www.hamshahrionline.ir/news/501998/دلار-در-آستانه-ورود-به-کانال-جدید,9
https://www.hamshahrionline.ir/news/501902/جزئیات-پیامک-تأیید-وام-یک-میلیون-تومانی-خریداران-سیم-کارت,5
https://www.hamshahrionline.ir/news/501921/توزیع-شکر-برنج-و-روغن-تنظیم-بازاری-از-فردا-جزئیات-قیمت-ها,4
https://www.hamshahrionline.ir/news/501901/ریزش-قابل-توجه-قیمت-ویلا-در-مناطق-شمالی-کشور,8
https://www.hamshahrionline.ir/news/501892/ساخت-نخستین-سری-تانک-های-ایرانی-تی-۹۰-شاهر-جایگزین-تیربارهای,1
https://www.hamshahrionline.ir/news/501877/بیانیه-بانک-مرکزی-در-واکنش-به-گزارش-دیوان-محاسبات-منتشر-شد,21
https://www.hamshahrionline.ir/news/501875/راهکار-چینی-برای-رونق-اقتصاد-پساکرونا-۲-۵-روز-تعطیلی-برای-آخر,9
https://www.hamshahrionline.ir/news/501859/دبیر-کل-سازمان-ملل-فقط-واکسن-کرونا-می-تواند-جهان-را-نجات-دهد,32
https://www.hamshahrionline.ir/news/501854/رهبر-۱۳-ساله-یک-گروه-تروریستی-به-خاطر-سن-کم-زندانی-نمی-شود,9
https://www.hamshahrionline.ir/news/501835/انتقاد-بیل-گیتس-از-راهزنی-ترامپ-در-اوج-بحران-کرونا-در-جهان,9
https://www.hamshahrionline.ir/news/501810/تهدید-ترامپ-به-تعطیل-کردن-کنگره-آمریکا,9
https://www.hamshahrionline.ir/news/501780/فیلم-پرواز-اتومبیل-در-آسمان,9
https://www.hamshahrionline.ir/news/501727/مکرون-به-دنبال-آتش-بس-جهانی-ملاقات-با-پوتین-تکلیف-را-مشخص-می-کند,9
https://www.hamshahrionline.ir/news/501743/آمریکا-از-پیک-ابتلا-به-کرونا-عبور-کرد-ترامپ-پنجشنبه-دستورالعمل,9
https://www.hamshahrionline.ir/news/501730/شمار-موارد-کرونا-در-جهان-از-۲-میلیون-و-شمار-تلفات-از-۱۳۰۰۰۰-گذشت,9
https://www.hamshahrionline.ir/news/501719/پیروزی-در-۱۰۶-سالگی-پیرترین-بازمانده-کرونا-مرخص-شد,9
https://www.hamshahrionline.ir/news/501717/آلبوم-جهان-از-نیروهای-خط-اول-رویاروی-کرونا-تشکر-می-کند,9
https://www.hamshahrionline.ir/news/497429/گوگل-درباره-حرکت-های-مردم-در-میانه-شیوع-کرونا-گزارش-می-دهد,9
https://www.hamshahrionline.ir/news/501458/آیا-دستکش-پارچه-ای-برای-جلوگیری-از-ابتلا-به-ویروس-کرونا-موثر,9
https://www.hamshahrionline.ir/news/502486/احتیاطات-غذایی-برای-جلوگیری-از-انتقال-ویروس-کرونا,9
https://www.hamshahrionline.ir/photo/501657/نوزادان-هم-کرونا-می-گیرند-این-تصاویر-را-ببینید,9
https://www.hamshahrionline.ir/news/501708/همشهری-TV-چطور-لباس-ها-را-از-شر-کرونا-خلاص-کنیم,9
https://www.hamshahrionline.ir/news/501688/تصاویر-تخم-گذاری-یک-مار-پیتون-برای-اولین-بار-در-قزوین,39
https://www.hamshahrionline.ir/news/501198/سختگیری-کرونایی-مکرون-سرنوشت-جشنواره-کن-و-توردوفرانس-مبهم-شد,9
https://www.hamshahrionline.ir/news/502488/نگرانی-از-شلوغی-متروی-تهران-رشد-کرونایی-های-جدید-بستری-در-بخش,9
https://www.hamshahrionline.ir/news/502699/عکس-برنامه-ریزی-پرسپولیس-برای-آغاز-لیگ,10
https://www.hamshahrionline.ir/news/502845/دولت-با-بی-پولی-مواجه-است-موج-بعدی-کرونا-آسیبی-جدی-تر-به-اقتصاد,9
https://www.hamshahrionline.ir/news/502855/طرح-ترافیک-تهران-تا-اطلاع-ثانوی-ملغی-است-تکلیف-عوارض-چه-می-شود,9
https://www.hamshahrionline.ir/news/502005/میزان-حقوق-معاف-از-مالیات-مشخص-شد-نحوه-محاسبه-مالیات-حقوق-کارمندان,18
https://www.hamshahrionline.ir/news/501963/وضعیت-حقوق-های-جدید-کارکنان-بازنشسته-ها-و-معلمان-اوضاع-بازنشسته-ها,0
https://www.hamshahrionline.ir/news/502726/اولین-مخالفت-جدی-فرهاد-مجیدی-با-تصمیمات-سعاتمند,10
https://www.hamshahrionline.ir/news/502812/آمار-تهرانی-هایی-که-کرونا-را-خیلی-خطرناک-می-دانند,9
https://www.hamshahrionline.ir/news/502671/عابدزاده-به-گرد-پای-من-هم-نمی-رسید-بالاخره-نوبت-عقاب-هم-فرا,10
https://www.hamshahrionline.ir/news/502119/همه-چیز-درباره-کرونایاب-سپاه-کامبیز-گلشنی-کیست-ماجرای-ردیاب,1
https://www.hamshahrionline.ir/news/502112/جزئیات-تازه-پرونده-زم-اکبر-طبری-نازنین-زاغری-و-کدام-مدیران,20
https://www.hamshahrionline.ir/news/502110/فیلم-ماجرای-تلاش-برای-فرار-از-زندان-شیراز-با-پهپاد,20
https://www.hamshahrionline.ir/news/502097/هشدار-سردار-جلالی-ماجرای-۲۵-آزمایشگاه-سطح-۴-آمریکا-در-اطراف,3
https://www.hamshahrionline.ir/news/502103/وزیر-آموزش-و-پرورش-تکلیف-سال-تحصیلی-و-امتحانات-را-مشخص-کرد,13
https://www.hamshahrionline.ir/news/502101/واکنش-سازمان-برنامه-و-بودجه-به-گزارش-جنجالی-دیوان-محاسبات,21
https://www.hamshahrionline.ir/news/502099/تصویری-دیده-نشده-از-رهبر-انقلاب-با-لباس-ارتش-جمهوری-اسلامی-ایران,1
https://www.hamshahrionline.ir/news/502091/ماموریت-های-ویژه-روحانی-به-وزیر-بهداشت-بررسی-برگزاری-مراسم-های,14
https://www.hamshahrionline.ir/news/502090/ساعت-کاری-ادارات-تهران-تغییر-می-کند-معاون-استاندار-تهران,14
https://www.hamshahrionline.ir/news/502092/علم-الهدی-کرونا-چین-را-به-هم-مالید-اما-آمریکا-تمدن-اسلامی,9
https://www.hamshahrionline.ir/news/502079/وضعیت-همدستان-داخلی-روح-الله-زم-از-زبان-سخنگوی-قوه-قضاییه,10
https://www.hamshahrionline.ir/news/502069/آخرین-وضعیت-پرونده-روح-الله-زم-دامنه-پرونده-گسترده-است,10
https://www.hamshahrionline.ir/news/502074/واکنش-رئیس-ستاد-ارتش-به-خبرسازی-ها-پیرامون-زمان-شیوع-کرونا-در,9
https://www.hamshahrionline.ir/news/502055/دستور-مهم-رئیس-جمهور-به-وزیر-نفت,40
https://www.hamshahrionline.ir/news/502048/وضعیت-نمایندگان-اصفهانی-پس-از-ابتلا-به-کرونا,19
https://www.hamshahrionline.ir/news/500666/بارش-ها-ادامه-دارد-۲۹-فروردین-سامانه-بارشی-جدید-می-آید,36
https://www.hamshahrionline.ir/news/500642/تنفس-هوای-مطلوب-در-پایتخت,27
https://www.hamshahrionline.ir/news/500591/آفرود-در-مناطق-چهارگانه-محیط-زیست-تخلف-است-تخلفات-را-به-۱۵۴۰,16
https://www.hamshahrionline.ir/news/500563/موجودی-مخازن-سدهای-کشور-به-۳۴-۸-میلیارد-متر-مکعب-رسید,34
https://www.hamshahrionline.ir/news/500230/عکس-باور-ناپذیری-آبی-آسمان-در-هند,34
https://www.hamshahrionline.ir/news/500224/سازمان-ملل-هجوم-ملخ-ها-امنیت-غذایی-آفریقا-را-تهدید-می-کند,9
https://www.hamshahrionline.ir/news/502042/خطیر-استرا-در-مورد-قطر-دروغ-گفت-نه-ما-دی-بیاسی-با-۳۰۰-هزار,10
https://www.hamshahrionline.ir/news/501972/نایب-رئیس-کنفدراسیون-فوتبال-آسیا-احتمال-لغو-لیگ-قهرمانان-وجود,37
https://www.hamshahrionline.ir/news/501953/دو-هدف-جذاب-بارسا-در-تابستان-کاتالان-ها-به-دنبال-آتش-بازی,10
https://www.hamshahrionline.ir/news/501948/آزمون-سر-دار-انتقالهای-پوچ-و-خیالی,10
https://www.hamshahrionline.ir/news/501937/زمان-برگزاری-فینال-لیگ-قهرمانان-و-لیگ-اروپا,37
https://www.hamshahrionline.ir/news/501932/تاریخ-پیشنهادی-فدراسیون-برای-برگزاری-مجمع-فیفا-اعلام-شد,10
https://www.hamshahrionline.ir/news/501878/عکس-هدیه-حسینی-به-هوادار-معلول-استقلال,10
https://www.hamshahrionline.ir/news/501879/وستهام-مشتری-جدید-آزمون,10
https://www.hamshahrionline.ir/news/501874/همشهری-آوا-پادکست-عصرانه-با-خبر-۲۸-فروردین-۹۹-مهمترین-رویدادهای,4
https://www.hamshahrionline.ir/news/501864/واریز-حقوق-بازنشستگان-کشوری,0
https://www.hamshahrionline.ir/news/501834/انتقاد-تند-فعال-کارگری-به-جای-دستمزد-عادلانه-اموال-کارگران-را,0
https://www.hamshahrionline.ir/news/501831/جزئیات-وام-کسب-و-کارهای-کرونازده,9
https://www.hamshahrionline.ir/news/501823/تمدید-ثبت-سفارش-خودروهای-موجود-در-گمرک,15
https://www.hamshahrionline.ir/news/501812/کرونا-گرسنگان-جهان-دوبرابر-شدند,9
https://www.hamshahrionline.ir/news/501520/بازار-خانه-های-زیر-قیمت-در-جنوب-تهران,8
https://www.hamshahrionline.ir/news/501784/فیلم-پاسخ-بانک-مرکزی-به-دیوان-محاسبات-آیا-۴-۸-میلیارد-دلار,21
https://www.hamshahrionline.ir/news/501600/وضعیت-خانه-های-زیر-قیمت-جنوب-تهران-کمبود-عرضه-به-دلیل-شیوع,8
https://www.hamshahrionline.ir/news/502115/آمار-مرگ-های-کرونا-در-ووهان-چین-۵۰-درصد-بالا-رفت-دولت-پنهانکاری,3
https://www.hamshahrionline.ir/news/501715/عکس-روز-لحظه-فروپاشی,9
https://www.hamshahrionline.ir/news/501483/چین-یک-بیمارستان-جدید-برای-بیماران-کرونایی-ساخت,3
https://www.hamshahrionline.ir/news/501516/درج-نام-ترامپ-روی-چک-های-۱۲۰۰-دلاری-جبران-خسارت-کرونا,9
https://www.hamshahrionline.ir/news/501440/تصاویر-رئیس-جمهوری-که-از-مردم-عذرخواهی-کرد-و-ایستاده-برای-کادر,9
https://www.hamshahrionline.ir/news/497336/عکاس-همشهری-هم-به-کرونا-مبتلا-شد,9
https://www.hamshahrionline.ir/news/502197/داروی-رمدیسیویر-برای-درمان-کرونا-در-کشور-تولید-می-شود,25
https://www.hamshahrionline.ir/news/501463/چرا-کرونا-مصرف-کنندگان-مواد-مخدر-را-بیش-از-دیگران-تهدید-می-کند,9
https://www.hamshahrionline.ir/news/501501/چگونه-در-تاکسی-و-مترو-مبتلا-به-کرونا-نشویم,9
https://www.hamshahrionline.ir/news/501545/چرا-درمان-کم-خونی-در-روزهای-کرونایی-اهمیت-دارد,4
https://www.hamshahrionline.ir/news/501563/مدیریت-اضطراب-مالی-در-روزهای-بحرانی-کرونا,9
https://www.hamshahrionline.ir/news/501604/معضلی-تازه-در-مسیر-ساخت-واکسن-کرونا,32
https://www.hamshahrionline.ir/news/501645/وقوع-پدیده-ای-بی-سابقه-کرونا-باعث-سکوت-زمین-شد,9
https://www.hamshahrionline.ir/news/501330/کرونا-ممکن-است-موش-های-شهری-را-تهاجمی-و-خطرناک-کند,9
https://www.hamshahrionline.ir/news/501282/فیلم-کرونا-عملکرد-مغز-را-هم-مختل-می-کند,9
https://www.hamshahrionline.ir/news/501320/دیابتی-ها-در-معرض-خطر-بیشتر-بیماری-وخیم-کرونا-هستند,9
https://www.hamshahrionline.ir/news/502196/ایفوگرافیک-وضعیت-و-جایگاه-ایران-در-میان-اصلی-ترین-کشورهای-درگیر,9
https://www.hamshahrionline.ir/news/502168/جدیدترین-تصمیمات-درباره-کنکور-۹۹-کنکور-برگزار-می-شود-زمان,13
https://www.hamshahrionline.ir/news/502146/مردی-سرایدار-مدرسه-دخترش-را-کور-کرد-سرایدار-متلک-گفته-بود,9
https://www.hamshahrionline.ir/news/502141/پسر-جوان-مادرش-را-کشت-و-آتش-زد,9
https://www.hamshahrionline.ir/news/502145/توضیحات-مهم-وزیر-آموزش-و-پرورش-درباره-سال-تحصیلی-و-امتحانات,13
https://www.hamshahrionline.ir/news/502138/ماجرای-زن-کرونایی-و-راننده-ای-که-می-خواست-به-او-تجاوز-کند,9
https://www.hamshahrionline.ir/news/502139/سارقان-در-منزل-و-مغازه-احمدرضا-عابدزاده,9
https://www.hamshahrionline.ir/news/502127/فیلم-تصاویری-از-سیل-وحشتناک-دیروز-در-شهداد-کرمان,34
https://www.hamshahrionline.ir/news/501195/فیلم-سکانس-سانسور-شده-نون-خ-لو-رفت-شوخی-با-شخصیت-سینمایی,33
https://www.hamshahrionline.ir/news/501169/سیامک-شایقی-به-کما-رفت,42
https://www.hamshahrionline.ir/news/501188/یادگارهای-محمدعلی-کشاورز-برای-موزه-سینما,42
https://www.hamshahrionline.ir/news/501072/واکنش-قوه-قضاییه-به-حمایت-سینماگران-از-یک-متهم-اقتصادی,10
https://www.hamshahrionline.ir/news/501037/کرونا-جشنواره-تهران-مبارک-را-به-تعطیلی-کشاند,42
https://www.hamshahrionline.ir/news/500918/آرزوی-محمدعلی-کشاورز-هنگام-برش-کیک-۹۰-سالگی-بالاخره-پدرسالار,9
https://www.hamshahrionline.ir/news/500981/واکنش-سازمان-اوج-به-فروش-۴۰۷-میلیون-تومانی-خروج-در-یک-روز,42
https://www.hamshahrionline.ir/news/500992/صدای-سازهای-ناکوک-کوک-شد,9
https://www.hamshahrionline.ir/news/500924/چه-کسی-واداده-است-دن-کیشوت-یا-گلادیاتور-از-واکنش-به-درخواست,9
https://www.hamshahrionline.ir/news/500902/افتتاحیه-۴۰۷-میلیونی-خروج-در-اکران-اینترنتی-استقبال-۸۵-هزار,42
https://www.hamshahrionline.ir/news/502548/ماجرای-عجیب-کشتی-گیر-ایرانی-عمدا-دوپینگ-کردم-بی-صبرانه-منتظر,45
https://www.hamshahrionline.ir/news/502615/تخلف-برخی-مراکز-درمانی-تهران-در-روزهای-کرونایی-پسماندهای-پزشکی,9
https://www.hamshahrionline.ir/news/502270/نتایج-یک-نظرسنجی-چند-درصد-تهرانی-ها-به-خاطر-کرونا-اضطراب-دارند,9
https://www.hamshahrionline.ir/news/502801/خالق-تام-و-جری-و-ملوان-زبل-انیماتور-برنده-اسکار-درگذشت,42
https://www.hamshahrionline.ir/news/502572/آمار-ابتلا-به-کرونا-در-خانواده-زندانیان-آزادشده-کرونا-گلریزان,20
https://www.hamshahrionline.ir/news/502682/فیلم-آیا-می-توان-ماسک-ها-ضد-عفونی-کرد,9
https://www.hamshahrionline.ir/news/502798/چند-درصد-مردم-موافق-تداوم-محدودیت-های-رفت-وآمد-هستند,9
https://www.hamshahrionline.ir/news/502658/واکنش-رسول-پناه-به-مصاحبه-رسن-و-ماجرای-جدایی-شجاع-علیپور-و-ترابی,10
https://www.hamshahrionline.ir/news/502936/چطور-پرتقال-بحران-کرونا-را-مهار-کرد,9
https://www.hamshahrionline.ir/news/502732/فعالیت-کسب-وکارها-در-پایتخت-تا-۳-بامداد-قانونی-می-شود,14
https://www.hamshahrionline.ir/news/504354/ایران-شنبه-را-اول-ماه-مبارک-رمضان-اعلام-کرد-زمان-آغاز-ماه-رمضان,4
https://www.hamshahrionline.ir/news/504353/آمریکا-پاسخ-حمله-عین-الاسد-را-می-داد-۴۰۰-نقطه-را-می-زدیم-امروز,12
https://www.hamshahrionline.ir/news/504306/همشهری-TV-چگونه-سناریوی-شهادت-امام-خمینی-در-هم-شکست,3
https://www.hamshahrionline.ir/news/504346/انتقاد-روسیه-از-حقه-کثیف-آمریکا-پرتاب-نور-نقض-برجام-و-قطعنامه,12
https://www.hamshahrionline.ir/news/504317/برنامه-های-حرم-رضوی-برای-عبادات-ماه-رمضان,4
https://www.hamshahrionline.ir/news/504329/آمریکا-رکورددار-تست-کرونا-در-جهان-روزی-۱۴۶-هزار-مورد,9
https://www.hamshahrionline.ir/news/504321/پیغام-تهیه-کننده-شهرزاد-از-اوین-رقم-دستمزدها-را-اعلام-می-کنم,10
https://www.hamshahrionline.ir/news/504332/جایزه-پنتاگون-برای-هک-کردن-ماهواره-های-نظامی,12
https://www.hamshahrionline.ir/news/504319/درخواست-صریح-رئیس-بانک-مرکزی-از-صندوق-بین-المللی-پول,2
https://www.hamshahrionline.ir/news/504333/پیشنهاد-رئیس-جمهوری-تاجیکستان-به-کشاورزان-فعلا-روزه-نگیرید,4
https://www.hamshahrionline.ir/news/504325/سپاه-پیشمرگ-مردم-و-انقلاب-است,1
https://www.hamshahrionline.ir/news/504324/اگر-وام-یک-میلیونی-نگرفته-اید-سه-روز-فرصت-دارید,5
https://www.hamshahrionline.ir/news/504322/احضار-حافظ-منافع-آمریکا-به-وزارت-خارجه,3
https://www.hamshahrionline.ir/news/504320/پخش-زنده-محفل-قرآنی-رهبر-انقلاب-از-شبکه-قرآن,22
https://www.hamshahrionline.ir/news/504311/آقای-روحانی-عجله-نکنید-بازگشایی-اماکن-عمومی-یعنی-گسترش-بیماری,14
https://www.hamshahrionline.ir/news/504313/روحانی-سالی-سخت-برای-اشتغال-داریم-تلاش-همگانی-برای-جهش-تولید,9
https://www.hamshahrionline.ir/news/504314/درگذشت-بانو-واعظی-مادر-چهار-شهید-به-فرزندانش-پیوست,9
https://www.hamshahrionline.ir/news/504312/واکنش-ظریف-به-اظهارات-ترامپ-فعلا-به-کرونایی-های-ارتش-خود-برسید,3
https://www.hamshahrionline.ir/news/504302/فرمانده-سپاه-در-دفاع-از-امنیت-ملی-پاسخ-ما-قاطع-و-سریع-خواهد,1
https://www.hamshahrionline.ir/news/504276/رئیس-جمهوری-ماداگاسکار-درمان-کرونا-یک-چای-معجزه-آساست,9
https://www.hamshahrionline.ir/news/504272/پیام-رئیس-جمهوری-کره-شمالی-به-اسد-حالم-خوب-است,11
https://www.hamshahrionline.ir/news/504270/صلح-موقت-در-جهان-به-خاطر-کرونا-شورای-امنیت-بحث-می-کند,9
https://www.hamshahrionline.ir/news/504262/ضوابط-وام-۷-میلیون-تومانی-برای-بازنشستگان-اعلام-شد,0
https://www.hamshahrionline.ir/news/504261/زیر-پوست-شهر-خبرهایی-است-سخت-تر-از-دی-۹۶-و-آبان-۹۸,9
https://www.hamshahrionline.ir/news/504256/بهره-برداری-از-طرح-های-ملی-جنوب-استان-فارس-با-دستور-روحانی,14
https://www.hamshahrionline.ir/news/504248/فیلم-کارفرماها-منتظر-پیامک-وام-کسب-و-کار-باشند-شرط-دریافت,9
https://www.hamshahrionline.ir/news/504245/اصولگرایان-دوباره-دعوا-را-شروع-نکنند-میرسلیم-نقش-پدری-را-بپذیرد,9
https://www.hamshahrionline.ir/news/504229/نگرانی-چین-از-کرونای-وارداتی-از-روسیه,3
https://www.hamshahrionline.ir/news/504233/واکنش-مقام-های-سیاسی-و-نظامی-آمریکا-به-پرتاب-ماهواره-نور-ایران,12
https://www.hamshahrionline.ir/news/504227/فیلم-ترامپ-از-هیچ-کشوری-رایگان-حمایت-نمی-کنیم-فعلا-سالی-یک,9
https://www.hamshahrionline.ir/news/504359/عکس-روز-بچه-روباه-ها-در-بهار,9
https://www.hamshahrionline.ir/news/504174/کرونا-شهرهایی-که-به-تصرف-حیوانات-درآمدند,9
https://www.hamshahrionline.ir/news/504267/بارش-های-تازه-در-راه-است,36
https://www.hamshahrionline.ir/news/504213/دریا-لرزید-زلزله-در-خزر,9
https://www.hamshahrionline.ir/news/503887/بحران-عمیق-تر-زمین-را-فراموش-نکنید,9
https://www.hamshahrionline.ir/news/504060/بارندگی-پراکنده-در-تهران-کدام-استان-ها-بارانی-می-شوند,36
https://www.hamshahrionline.ir/news/504144/فیلم-تصاویری-شگفت-انگیز-از-حضور-حیوانات-در-شهرها-در-قرنطینه,9
https://www.hamshahrionline.ir/news/504336/ادعای-یک-رئالی-مسی-شخصیت-فریبنده-ای-دارد,10
https://www.hamshahrionline.ir/news/504338/عکس-نشریه-سان-پرسپولیس-استوکس-را-اخراج-کرد,10
https://www.hamshahrionline.ir/news/504326/افتضاح-مدیریتی-در-استقلال-رسید-پول-قلابی-برای-میلیچ,10
https://www.hamshahrionline.ir/news/504334/پافشاری-توکیو-بر-برگزاری-بازی-های-المپیک-در-سال-۲۰۲۱,9
https://www.hamshahrionline.ir/news/504284/افشین-پیروانی-بعد-از-جلسه-استتیناف-فقط-قانون-باید-اجرا-شود,17
https://www.hamshahrionline.ir/news/504265/جلسه-یوفا-برای-تعیین-تکلیف-لیگ-قهرمانان,37
https://www.hamshahrionline.ir/news/504228/قطر-میزبان-لیگ-قهرمانان-آسیا-در-غرب,37
https://www.hamshahrionline.ir/news/504226/رسول-پناه-برای-صلاح-باشگاه-با-کارگزار-مالی-فسخ-کردیم,10
https://www.hamshahrionline.ir/news/504241/عکس-پایان-انتظار-عابدزاده-برای-دیدن-دخترش,10
https://www.hamshahrionline.ir/news/504207/کرونا-نخستین-قربانی-را-از-لیگ-جزیره-گرفت,9
https://www.hamshahrionline.ir/news/504206/حمایت-فرهاد-از-فرشید-اسماعیلی-سعادتمند-عقب-نشینی-کرد,10
https://www.hamshahrionline.ir/news/504203/عکس-برانکو-بله-با-استقلال-مذاکره-کردم,10
https://www.hamshahrionline.ir/news/504195/عکس-حمایت-بازیگر-معروف-از-قلعه-نویی,17
https://www.hamshahrionline.ir/news/504196/تاکید-بر-تقویت-و-توسعه-منابع-مالی-فدراسیون-فوتبال,10
https://www.hamshahrionline.ir/news/504194/عکس-طارمی-به-کری-خوانی-رضاییان-پاسخ-داد,10
https://www.hamshahrionline.ir/news/504175/واکنش-پرسپولیس-به-انتقال-نعمتی-در-ازای-رضایتنامه-گل-محمدی,10
https://www.hamshahrionline.ir/news/504183/مونیکا-بلوچی-انصاریان-و-تبریک-تولد-یک-پرسپولیسی,10
https://www.hamshahrionline.ir/news/504181/شایعه-مذاکره-با-استراماچونی-تکذیب-شد,10
https://www.hamshahrionline.ir/news/504177/سال-۲۰۲۱-تنها-شانس-ژاپن-برای-برگزاری-المپیک,9
https://www.hamshahrionline.ir/news/504327/۷-هزار-میلیارد-تومان-واگذاری-سهام-شستا-در-بورس-جواب-داد,6
https://www.hamshahrionline.ir/news/504328/ضرر-۴۰-هزار-میلیارد-تومانی-کرونا-به-درآمد-مالیاتی-کشور,18
https://www.hamshahrionline.ir/news/504238/۴-اردیبهشت-قمیت-رسمی-ارز-کاهش-یورو-ثبات-دلار-افزایش-پوند,2
https://www.hamshahrionline.ir/news/503998/علت-گرانی-لیموترش-از-زبان-یک-عضو-کمیسیون-کشاورزی-مجلس,19
https://www.hamshahrionline.ir/news/504066/بورس-در-آخرین-روز-هفته-چه-رکوردی-به-ثبت-رساند,6
https://www.hamshahrionline.ir/news/504148/وضعیت-بازار-مسکن-در-تهران-در-اولین-روزهای-اردیبهشت,8
https://www.hamshahrionline.ir/news/504132/دلار-و-یورو-گران-شدند-آخرین-قیمت-سکه-و-طلا,31
https://www.hamshahrionline.ir/news/504124/برای-حل-اختلاف-خود-با-سازمان-مالیاتی-بدانید,18
https://www.hamshahrionline.ir/news/503964/بررسی-نرخ-ارز-پس-از-کاهش-قیمت-نفت,40
https://www.hamshahrionline.ir/news/504082/افزایش-۱۴۰-هزار-تومانی-سکه-جدیدترین-قیمت-طلا-و-سکه-در-بازار,31
https://www.hamshahrionline.ir/news/504076/جهش-۳۰-دلاری-قیمت-طلای-جهانی,40
https://www.hamshahrionline.ir/news/504108/چشم-انداز-بازار-سرمایه-تا-پایان-سال-۹۹-تازه-واردهای-بورس-بخوانند,6
https://www.hamshahrionline.ir/news/504357/عکس-روز-رویت-هلال-با-ماسک,44
https://www.hamshahrionline.ir/news/504339/سودای-یک-میلیارد-دلاری-نامزد-ناکام-برای-ورود-به-کاخ-سفید,9
https://www.hamshahrionline.ir/news/504310/همشهری-TV-اتحاد-شهرهای-آسیایی-برای-مقابله-با-کرونا,9
https://www.hamshahrionline.ir/news/504264/کرونا-می-تازد-۲-میلیون-و-۶۹۳-هزار-مبتلا-۱۸۳-هزار-کشته-آمریکا,3
https://www.hamshahrionline.ir/news/504221/برگزاری-رقابت-موتورسواری-در-داکوتا-با-وجود-مخالفت-خانم-فرماندار,9
https://www.hamshahrionline.ir/news/504163/شگرد-آنگلا-مرکل-برای-رهایی-آلمان-از-کرونا-چه-بود,9
https://www.hamshahrionline.ir/news/504162/کیت-های-چینی-تشخیص-کرونا-دوباره-معیوب-از-کار-درآمد-اسپانیا-پولش,9
https://www.hamshahrionline.ir/news/504154/عکس-روز-امتحان-با-فاصله-گیری-اجتماعی,9
https://www.hamshahrionline.ir/news/504149/عکس-روز-در-صف-ناهار-رایگان,9
https://www.hamshahrionline.ir/news/504147/عکس-روز-نوزاد-زمانه-کرونا,9
https://www.hamshahrionline.ir/news/504375/آزمایش-بالینی-داروی-امیدبخش-برای-کرونا-شکست-خورده-است,25
https://www.hamshahrionline.ir/news/504335/آنچه-دانشمندان-می-خواهند-درباره-کرونا-بدانند-۱-چه-درمان-هایی,9
https://www.hamshahrionline.ir/news/504294/عضو-کمیته-کشوری-کرونا-۵۰-درصد-مبتلایان-به-کرونا-بدون-علامت-هستند,9
https://www.hamshahrionline.ir/news/504274/انگشت-کووید-تازه-ترین-نشانه-کرونا-را-بشناسید,9
https://www.hamshahrionline.ir/news/504237/آلمان-آزمایش-واکسن-کرونای-ساخت-این-کشور-را-به-زودی-آغاز-می-کند,32
https://www.hamshahrionline.ir/news/504039/واکسن-کرونا-روی-حیوانات-جواب-مثبت-داد,32
https://www.hamshahrionline.ir/news/504193/فیلم-کشیدن-سیگار-قلیان-و-تریاک-از-بیماری-کرونا-پیشگیری-می-کند,9
https://www.hamshahrionline.ir/news/504073/نتایج-کالبدشکافی-بیماران-درگذشته-کرونا-ویروس-فقط-به-ریه-حمله,9
https://www.hamshahrionline.ir/news/504202/سیگاری-ها-کمتر-کرونا-می-گیرند-پژوهشگران-فرانسوی-برچسب-پوستی,9
https://www.hamshahrionline.ir/news/504199/تست-آنتی-بادی-کرونا-در-دانشکده-بهداشت-دانشگاه-تهران-تولید-شد,9
https://www.hamshahrionline.ir/news/504145/فیلم-کدام-گروه-خونی-در-برابر-کرونا-مصون-است,9
https://www.hamshahrionline.ir/news/504135/نتایج-یک-بررسی-جدید-داروی-ضد-مالاریا-در-درمان-کرونا-بی-تاثیر,25
https://www.hamshahrionline.ir/news/504348/چطور-بفهمید-بیماری-کرونای-شما-از-نوع-خفیف-است,9
https://www.hamshahrionline.ir/news/504316/دلخوری-کارگردان-و-تهیه-کننده-زیرخاکی-از-گوهر-خیراندیش,42
https://www.hamshahrionline.ir/news/504323/فیلم-و-تصاویر-آرات-حسینی-کیست-و-چرا-با-علی-کریمی-مشکل-دارد,9
https://www.hamshahrionline.ir/news/504235/کرونا-برای-روزه-داری-مشکلی-ایجاد-نمی-کند,4
https://www.hamshahrionline.ir/news/503629/چه-کسانی-اجازه-دارند-از-ترس-کرونا-روزه-نگیرند,4
https://www.hamshahrionline.ir/news/503906/راهکارهای-ساده-برای-تقویت-سیستم-ایمنی-بدن,4
https://www.hamshahrionline.ir/news/504152/طرز-تهیه-سوپ-سرماخوردگی-خوشمزه-و-مقوی-برای-مبارزه-با-ویروس,4
https://www.hamshahrionline.ir/news/503777/آداب-غذا-خوردن-در-ایران-باستان-سخن-گفتن-سر-سفره-عامل-زیاد-شدن,9
https://www.hamshahrionline.ir/news/504200/آخرین-آمار-رسمی-کرونا-در-ایران-و-جهان-آمار-آلمان-باز-هم-بالا,24
https://www.hamshahrionline.ir/news/503779/عکس-بستنی-نونی-یادگاری-از-۱۴۰-سال-پیش,9
https://www.hamshahrionline.ir/news/504180/واکنش-سحر-قریشی-به-ویدئوی-جنجالی-اش,42
https://www.hamshahrionline.ir/news/504151/واکنش-پرویز-پرستویی-به-رفتار-سحر-قریشی-یک-روز-به-جای-او-کار,42
https://www.hamshahrionline.ir/news/504157/همشهری-TV-نحوه-ضدعفونی-کردن-وسایل-الکترونیکی,9
https://www.hamshahrionline.ir/news/503770/آخرین-آمار-رسمی-کرونا-در-ایران-و-جهان-افزایش-نگرانی-در-چند,24
https://www.hamshahrionline.ir/news/504344/همشهری-آوا-پادکست-همیشه-فاصله-ای-هست-۴-اردیبهشت-۹۹-فاصله,9
https://www.hamshahrionline.ir/news/504121/کبوتر-تنهایی-و-ترس-از-ناشناخته-ها-روایت-نویسنده-آلمانی-از,9
https://www.hamshahrionline.ir/news/504095/افزایش-خدمات-چت-آنلاین-کتابخانه-ملی-ایران,3
https://www.hamshahrionline.ir/news/504153/همشهری-آوا-پادکست-همیشه-فاصله-ای-هست-۳-اردیبهشت-۹۹-ابراز,9
https://www.hamshahrionline.ir/news/504106/فضای-مجازی-میزبان-گنجینه-هنرهای-تجسمی-فرهنگستان-هنر,42
https://www.hamshahrionline.ir/news/504109/کشف-گنجینه-ای-ارزشمند-در-اعماق-دریای-مدیترانه,9
https://www.hamshahrionline.ir/news/504099/تعویق-اجلاس-۴۴-میراث-جهانی-یونسکو,9
https://www.hamshahrionline.ir/news/504257/۱۵-شرط-برای-بازگشایی-سینماها-آیین-نامه-زمانه-کرونا-منتشر-شد,42
https://www.hamshahrionline.ir/news/504074/کرونا-با-۱۶-میلیون-کاربر-تازه-به-نتفلیکس-سلام-کرد,9
https://www.hamshahrionline.ir/news/503768/بانک-مرکزی-زمان-واریز-وام-یک-میلیون-تومانی-را-اعلام-کرد,2
https://www.hamshahrionline.ir/news/503753/تهیه-طرح-دوفوریتی-مجازات-عدم-پیشگیری-از-انتقال-بیماری-های-واگیر,19
https://www.hamshahrionline.ir/news/503756/قیمت-نفت-ایران-پس-از-سقوط-تاریخی-قیمت-نفت-آمریکا,40
https://www.hamshahrionline.ir/news/503745/تقدیر-از-قاضی-مشهور-این-روزهای-فضای-مجازی,42
https://www.hamshahrionline.ir/news/503743/جزئیات-۲-تماس-مهم-روحانی-با-پوتین-و-سانچز,9
https://www.hamshahrionline.ir/news/503614/جزئیات-جدید-افزایش-حقوق-بازنشستگان-افزایش-رقم-بیمه-تکمیلی,0
https://www.hamshahrionline.ir/news/503747/منشاء-احتمالی-کروناویروس-فرضیه-آزمایشگاهی-بودن-کرونا-رد-شد,9
https://www.hamshahrionline.ir/news/503697/واکنش-جهانگیری-به-سقوط-قیمت-نفت,40
https://www.hamshahrionline.ir/news/503605/واکنش-بروجردی-به-غیرواقعی-خواندن-آمار-فوتی-های-کرونا-در-شورای,19
https://www.hamshahrionline.ir/news/503727/خبر-مهم-وزیر-کار-درباره-واریز-وام-یک-میلیون-تومانی,9
https://www.hamshahrionline.ir/news/503721/همه-یارانه-هایی-که-قرار-است-در-اردیبهشت-ماه-به-مردم-پرداخت-شود,9
https://www.hamshahrionline.ir/news/503726/جزئیات-گفتگوی-رئیس-جمهور-با-تولیت-آستان-قدس-رضوی-اماکن-مقدس,14
https://www.hamshahrionline.ir/news/503715/گزارش-نهادهای-امنیتی-و-اطلاعاتی-درباره-ایران-کرونازده-آمار-ثبت,3
https://www.hamshahrionline.ir/news/503704/هیچ-هواپیمایی-نمی-تواند-از-تور-سامانه-خلیج-فارس-فرار-کند,41
https://www.hamshahrionline.ir/news/503688/جدال-وزیر-جوان-و-سخنران-جوان-بالا-گرفت-رائفی-پور-اختلال-در,28
https://www.hamshahrionline.ir/news/503592/فیلم-و-تصاویر-آسمان-ایران-زیر-بال-های-جنگنده-بمب-افکن-اف-۴,9
https://www.hamshahrionline.ir/news/503642/دستورات-روحانی-به-وزرا-در-مورد-نحوه-پرداخت-تسهیلات-کرونایی,9
https://www.hamshahrionline.ir/news/503602/محکومیت-۳-مفسد-اقتصادی-محکومیت-بازرس-صمت-به-۶-سال-حبس-واکنش,10
https://www.hamshahrionline.ir/news/503558/واکنش-تند-فعال-سیاسی-به-ادعای-برخی-در-درمان-کرونا-با-خون-جوجه,9
https://www.hamshahrionline.ir/news/503572/خواهر-اون-رهبر-بعدی-کره-شمالی-می-شود-واکنش-کاخ-سفید,11
https://www.hamshahrionline.ir/news/503567/انتقاد-کواکبیان-از-نقش-یک-نماینده-در-سریال-پایتخت-واکنش-به,47
https://www.hamshahrionline.ir/news/503557/مساجد-را-هم-می-شود-مانند-مراکز-خرید-با-پروتکل-های-بهداشتی-باز,14
https://www.hamshahrionline.ir/news/503561/واکنش-یک-مقام-کره-جنوبی-به-خبر-وخامت-حال-رهبر-کره-شمالی,11
https://www.hamshahrionline.ir/news/503538/ریاست-میرسلیم-در-مجلس-شوخی-است-دلار-۲۰-هزارتومان-می-شود-اگر,7
https://www.hamshahrionline.ir/news/503553/واکنش-سخنگوی-قوه-قضاییه-به-قتل-عام-جوجه-ها-به-این-واقعه-غیرشرعی,10
https://www.hamshahrionline.ir/news/503547/آخرین-وضعیت-پرونده-علی-اصغر-پیوندی-پرونده-رئیس-سابق-هلال-احمر,10
https://www.hamshahrionline.ir/news/503528/محکومیت-۳-مفسد-اقتصادی-اسامی-محکومین-بازرس-وزارت-صنعت-به,10
https://www.hamshahrionline.ir/news/502686/چطور-کرونا-به-دیکتاتوری-منجر-می-شود,9
https://www.hamshahrionline.ir/news/503477/درخواست-آزادی-مشروط-نازنین-زاغری-مرخصی-تمدید-شد,3
https://www.hamshahrionline.ir/news/503492/واکنش-محمود-صادقی-به-محکوم-شدنش-به-حبس-و-جزای-نقدی-با-شکایت-آملی,47
https://www.hamshahrionline.ir/news/503599/عکس-پای-پیمان-معادی-هم-به-ماجرای-پیروانی-و-قلعه-نویی-باز-شد,17
https://www.hamshahrionline.ir/news/503585/گاف-عجیب-مدیر-سپاهان-سه-امتیاز-استیناف-و-سه-امتیاز-دیدار-مجدد,10
https://www.hamshahrionline.ir/news/503551/پرونده-منشا-جبارف-و-۳-طلبکار-دیگر-استقلال-بسته-می-شود,10
https://www.hamshahrionline.ir/news/503494/افزایش-ارزش-سهام-یوونتوس-با-کاهش-آمار-مبتلایان-به-کرونا,9
https://www.hamshahrionline.ir/news/503527/اتحاد-بازیکنان-بارسا-رئال-و-اتلتیکو-برای-روحیه-دادن-به-کودکان,10
https://www.hamshahrionline.ir/news/503484/دردسر-جدید-برای-رونالدو,10
https://www.hamshahrionline.ir/news/503456/تمرین-در-قرنطینه-جان-فوتبالیست-روسی-را-گرفت,10
https://www.hamshahrionline.ir/news/503421/عکس-پاسخ-تند-امیر-قلعه-نویی-به-ادعاهای-پیروانی,17
https://www.hamshahrionline.ir/news/503400/عکس-چراغ-سبز-مامه-تیام-برای-بازگشت-به-استقلال,10
https://www.hamshahrionline.ir/news/503402/پشت-پرده-دفاع-تمام-قد-رضازاده-از-آقای-فساد,9
https://www.hamshahrionline.ir/news/503348/عکس-حمایت-خواننده-لس-آنجلسی-از-علی-کریمی,42
https://www.hamshahrionline.ir/news/503312/افشاگری-پیشکسوت-فوتبال-علیه-پیروانی,17
https://www.hamshahrionline.ir/news/503343/محل-سکونت-کریس-رونالدو-قرنطینه-شد,9
https://www.hamshahrionline.ir/news/503317/عکس-دیویس-تا-۲۰۲۵-در-باواریا-در-بایرن-مونیخ-احساس-راحتی-می-کنم,10
https://www.hamshahrionline.ir/news/503302/طغیان-اسماعیلی-علیه-مدیران-استقلال,10
https://www.hamshahrionline.ir/news/503275/۴۸-ساعت-زمان-برای-فرار-استقلال-از-محرومیت-مهلت-جبارف-تمام-شد,10
https://www.hamshahrionline.ir/news/503205/واکنش-متفاوت-هواداران-وستهام-به-خبر-انتقال-آزمون,10
https://www.hamshahrionline.ir/news/503185/تاریخ-ادامه-لالیگا-اعلام-شد-خداحافظی-با-روزهای-بدون-فوتبال,10
https://www.hamshahrionline.ir/news/503518/رکود-۲۰-درصدی-صنعت-خودروسازی-در-جهان,15
https://www.hamshahrionline.ir/news/503544/طلا-ارزان-شد,40
https://www.hamshahrionline.ir/news/503513/قیمت-نفت-دوباره-مثبت-شد,40
https://www.hamshahrionline.ir/news/502664/پیشنهاد-به-قاچاقچیان-شکر-به-جای-هروئین-سود-۸۰۰-درصدی,9
https://www.hamshahrionline.ir/news/503491/زمان-دریافت-مستمری-واقعی-بازنشستگان-اعلام-شد-تامین-اجتماعی,0
https://www.hamshahrionline.ir/news/503485/پیشنهاد-وزارت-راه-و-شهرسازی-قرارداد-مالکان-و-مستاجران-تمدید,14
https://www.hamshahrionline.ir/news/503367/اجاره-بهای-لاکچری-های-پایتخت-ودیعه-یک-سال-قیمت-خرید-چهار-خانه,8
https://www.hamshahrionline.ir/news/503371/تصاویر-مزدا-۶-مدل-۲۰۲۳-منتشر-شد,9
https://www.hamshahrionline.ir/news/503335/تورم-فروردین-۳۲-۲-درصد-شد,9
https://www.hamshahrionline.ir/news/503283/بورس-ایران-۲۰۰-میلیارد-دلاری-شد-جایگاه-جالب-ایران-در-بازار,6
https://www.hamshahrionline.ir/news/503345/چرا-قیمت-نفت-آمریکا-منفی-شد-نفت-آمریکا-به-منفی-۳۵-۲-دلار-رسید,40
https://www.hamshahrionline.ir/news/503344/ماجرای-سقوط-نفت-چرا-قیمت-نفت-منفی-شد,40
https://www.hamshahrionline.ir/news/503122/اخراج-و-مرخصی-۱۵۰۰-کارمند-ضرر-یک-میلیارد-دلاری-کرونا-به-حساب,9
https://www.hamshahrionline.ir/news/503115/۳۰-ویژگی-منحصربه-فرد-قدرتمندترین-سیاستمدار-زن-در-جهان,9
https://www.hamshahrionline.ir/news/503025/آوار-بحران-کرونا-بر-سر-گردشگری-و-سفر-به-روایت-آمار-و-ارقام,9
https://www.hamshahrionline.ir/news/502993/جدیدترین-آمار-کرونا-در-جهان-آمریکا-در-صدر-تعداد-قربانیان-ترکیه,24
https://www.hamshahrionline.ir/news/503011/کره-شمالی-سرانجام-به-وجود-کرونا-اعتراف-کرد,11
https://www.hamshahrionline.ir/news/502962/ادعای-خبرگزاری-فرانسه-آمریکا-حمله-به-۱۲۲-هدف-را-در-عراق-شبیه-سازی,3
https://www.hamshahrionline.ir/news/502928/پوتین-و-ترامپ-در-خط-مقدم-جنگ-آمریکا-و-روسیه-چگونه-صلح-جهانی,9
https://www.hamshahrionline.ir/news/502943/ترامپ-بایدن-رئیس-جمهور-شود-ایران-و-چین-آمریکا-را-مال-خود-می-کنند,3
https://www.hamshahrionline.ir/news/503765/آیا-لخته-های-خونی-کوچک-کووید-۱۹-را-مرگبارتر-می-کند,9
https://www.hamshahrionline.ir/news/503652/روشی-متفاوت-در-ساخت-پادتنی-برای-ویروس-کرونا,9
https://www.hamshahrionline.ir/news/503117/استفاده-از-واکسن-سرخک-برای-مقابله-با-ویروس-کرونا,32
https://www.hamshahrionline.ir/news/503123/ورزش-کردن-در-دوران-بارداری-چه-تاثیری-در-سلامت-جنین-دارد,9
https://www.hamshahrionline.ir/news/503154/بیماران-مبتلا-به-فشار-خون-بالا-در-دام-کرونا,9
https://www.hamshahrionline.ir/news/502985/شناسایی-یکی-دیگر-از-علائم-پوستی-کرونا,9
https://www.hamshahrionline.ir/news/503098/بهترین-راهکارها-برای-کاهش-وزن-در-افراد-بالای-۴۰-سال,9
https://www.hamshahrionline.ir/news/502922/علایم-و-راه-های-پیشگیری-از-اگزما-در-زمان-شیوع-کرونا,9
https://www.hamshahrionline.ir/news/502912/تصاویر-۵-حرکت-برای-تقویت-عضلات-شکم-پا-و-بازو-چند-تمرین-ساده,9
https://www.hamshahrionline.ir/news/502921/لایوهای-حاشیه-ساز-اینستاگرام-از-رشیدپور-تا-رضا-صادقی-و-بشیر,42
https://www.hamshahrionline.ir/news/502911/طرز-تهیه-پاستا-ماکارونی-را-با-این-روش-جذاب-تر-درست-کنیم,4
https://www.hamshahrionline.ir/news/502916/آمار-رسمی-کرونا-در-ایران-و-جهان-کره-جنوبی-در-یک-قدمی-پیروزی,24
https://www.hamshahrionline.ir/news/503774/چه-کسی-پیگیر-پرونده-محمود-صادقی-و-محکومیتش-بود-ارتباطی-به,47
https://www.hamshahrionline.ir/news/503772/جنجال-های-سیاسی-جهانپور-از-چین-تا-انتخابات۸۸-و-محصوران-اوچگونه,3
https://www.hamshahrionline.ir/news/503799/تست-کرونای-لاریجانی-باز-هم-مثبت-شد-او-فعلا-به-مجلس-نمی-آید,19
https://www.hamshahrionline.ir/news/503769/فیلم-نهادهای-منسوب-به-رهبری-تازه-ترین-سوژه-رسانه-های-بیگانه,9
https://www.hamshahrionline.ir/news/503765/آیا-لخته-های-خونی-کوچک-کووید-۱۹-را-مرگبارتر-می-کنند,9
https://www.hamshahrionline.ir/news/503776/تازه-ترین-قیمت-تسهیلات-مسکن-زوجین-تهرانی-برای-وام-۲۴۰-میلیونی,5
https://www.hamshahrionline.ir/news/503781/جولان-کرونا-در-پمپ-بنزین-های-تهران,9
https://www.hamshahrionline.ir/news/503804/واکنش-ترامپ-به-وضعیت-رهبر-کره-شمالی-منع-پذیرش-مهاجران-شامل,11
https://www.hamshahrionline.ir/news/503833/مراجعه-بیماران-کرونایی-بدحال-به-بیمارستان-های-تهران-الگوی-مراجعه,9
https://www.hamshahrionline.ir/news/503806/سم-خورد-و-خودش-را-آتش-زد-اما-نمرد,9
https://www.hamshahrionline.ir/news/504016/فیلم-خبر-خوشی-که-روحانی-در-جلسه-هیئت-دولت-به-آن-اشاره-کرد,6
https://www.hamshahrionline.ir/news/504098/عراقچی-خواستار-برخورد-جامعه-جهانی-با-تحریم-های-آمریکا-شد,3
https://www.hamshahrionline.ir/news/504179/واکنش-جدید-آمریکا-به-پرتاب-ماهواره-نظامی-توسط-ایران-پرونده,12
https://www.hamshahrionline.ir/photo/504141/تصاویر-لحظه-به-لحظه-با-پرتاب-نخستین-ماهواره-نظامی-ایران,12
https://www.hamshahrionline.ir/news/504169/ابطحی-بیت-کوین-را-جایگزین-ریال-کنید-مثل-ونزوئلا,9
https://www.hamshahrionline.ir/news/504184/توضیحات-معاون-وزیر-دفاع-آمریکا-درباره-توییت-تهدیدآمیز-ترامپ,3
https://www.hamshahrionline.ir/news/504197/جزئیات-تماس-تلفنی-روحانی-و-اردوغان-پیشنهاد-رئیس-جمهور-ترکیه,9
https://www.hamshahrionline.ir/news/504189/واکنش-سخنگوی-وزارت-خارجه-به-آرزوی-ریاکارانه-پمپئو,3
https://www.hamshahrionline.ir/news/504156/زمان-واریز-وام-یک-میلیون-تومانی-و-جزئیات-جدید-آن,5
https://www.hamshahrionline.ir/news/504187/محسن-رضایی-امروز-در-فضا-مستقر-شدیم-و-فردا-تبریک-به-فرمانده,12
https://www.hamshahrionline.ir/news/504185/جزئیات-سقوط-هواپیمای-پلیس-در-سلمانشهر-سرنشینان-به-شهادت-رسیدند,1
https://www.hamshahrionline.ir/news/504182/واکنش-رژیم-صهیونستی-به-پرتاب-ماهواره-نظامی-ایران,12
https://www.hamshahrionline.ir/news/504172/جلسه-شورای-نگهبان-به-ریاست-آیت-الله-جنتی-برگزار-شد,9
https://www.hamshahrionline.ir/news/504075/درخواست-۲-محکوم-محیط-زیستی-برای-آزادی-مشروط-و-مرخصی,16
https://www.hamshahrionline.ir/news/504178/نخستین-تصاویر-سقوط-هواپیمای-آموزشی-نیروی-انتظامی-دو-سرنشین,1
https://www.hamshahrionline.ir/news/504168/واکنش-های-پمپئو-به-توییت-تهدیدآمیز-ترامپ-علیه-ایران-و-پرتاب-ماهواره,12
https://www.hamshahrionline.ir/news/504171/نخستین-تصاویر-اولین-ماهواره-نظامی-ایران-در-فضا,12
https://www.hamshahrionline.ir/news/504167/واکنش-رسمی-پنتاگون-به-قرار-گرفتن-ماهواره-نظامی-ایران-در-مدار,12
https://www.hamshahrionline.ir/news/504166/فیلم-شادی-غیرقابل-وصف-سردار-حاجی-زاده-در-اتاق-عملیات-پرتاب,12
https://www.hamshahrionline.ir/news/504161/سقوط-هواپیمای-آموزشی-پلیس-حوالی-متل-قو-سرنوشت-سرنشینان,1
https://www.hamshahrionline.ir/news/504139/پاسخی-قوی-تر-از-عین-الاسد-در-انتظار-آمریکایی-هاست-اگر-ترامپ,3
https://www.hamshahrionline.ir/news/504131/حمله-دو-چهره-مطرح-اصولگرا-به-علی-لاریجانی-می-آییم-تا-اسم,19
https://www.hamshahrionline.ir/news/504136/واکنش-قوه-قضاییه-به-خبر-محکومیت-محمود-صادقی-به-حبس-و-جریمه-نقدی,47
https://www.hamshahrionline.ir/news/504134/توییت-خصمانه-ترامپ-علیه-ایران-گفته-ام-قایق-های-ایرانی-را-بزنند,9
https://www.hamshahrionline.ir/news/504128/تغییر-مهم-در-سربازی-مشمولانی-که-اردیبهشت-ماه-اعزام-می-شوند,4
https://www.hamshahrionline.ir/news/504127/واکنش-تند-سخنگوی-نیروهای-مسلح-به-توئیت-تهدیدآمیز-ترامپ,3
https://www.hamshahrionline.ir/news/504122/اعترافات-جدید-اکبر-طبری-تکذیب-شد,10
https://www.hamshahrionline.ir/news/504073/تازه-ترین-اطلاعات-کرونا-چه-کسانی-را-بیشتر-می-کشد-ویروس-فقط,9
https://www.hamshahrionline.ir/news/503933/واکنش-روحانی-به-کاهش-کم-نظیر-قیمت-نفت-و-تاثیر-آن-روی-ایران,9
https://www.hamshahrionline.ir/news/503869/پیشنهاد-جدید-آموزش-و-پرورش-برای-کنکور-۹۹,13
https://www.hamshahrionline.ir/news/504224/کشورهایی-که-کرونا-به-آنها-راه-نیافته-است,9
https://www.hamshahrionline.ir/news/504219/هشدار-سازمان-ملل-اقتصاد-کرونازده-بیش-از-ویروس-مردم-را-خواهد,9
https://www.hamshahrionline.ir/news/503963/کسی-که-با-الفبای-سیاست-آشنا-باشد-می-داند-مطالبات-مردم-چیست,9
https://www.hamshahrionline.ir/news/503791/افشای-استخدام-های-دقیقه-نودی-روایت-نماینده-اصولگرا-از-عزل-و,19
https://www.hamshahrionline.ir/news/504164/ادعای-جدید-مقام-آمریکایی-درباره-وخامت-حال-رهبر-کره-شمالی,11
https://www.hamshahrionline.ir/news/504160/جزئیات-فیش-حقوقی-کارکنان-در-سال-۹۹-حداکثر-پاداش-و-نحوه-پرداخت,0
https://www.hamshahrionline.ir/news/504176/حمله-تند-رسانه-اصولگرا-به-رائفی-پور-این-فرد-وارد-بازی-امنیتی,42
https://www.hamshahrionline.ir/news/504173/براندازی-رسم-لاریجانی-یا-امید-به-افق-۱۴۰۰-هنوز-پای-شان-به-بهارستان,9
https://www.hamshahrionline.ir/news/504237/آلمان-تا-چند-روز-دیگر-واکسن-کرونا-را-آزمایش-می-کند,32
https://www.hamshahrionline.ir/news/504294/۵۰-درصد-مبتلایان-به-کرونا-بدون-علائم-هستند,9
https://www.hamshahrionline.ir/news/504290/وزیر-بهداشت-امسال-۸-هزار-تخت-بیمارستانی-اضافه-می-شود,9
https://www.hamshahrionline.ir/news/504286/آمار-تازه-کرونا-در-ایران-۱۰۳۰-بیمار-و-۹۰-مرگ-در-۲۴-ساعت,9
https://www.hamshahrionline.ir/news/504251/فیلم-چرا-قرار-است-تعداد-مبتلایان-کرونا-در-تهران-افزایش-یابد,9
https://www.hamshahrionline.ir/news/504133/تصمیم-گیری-درباره-برگزاری-امتحانات-به-معلمان-واگذار-می-شود,13
https://www.hamshahrionline.ir/news/503726/جزئیات-گفتگوی-رئیس-جمهور-با-تولید-آستان-قدس-رضوی-اماکن-مقدس,14
https://www.hamshahrionline.ir/news/503462/تصاویر-پیش-نویس-نیم-سوخته-اساسنامه-سپاه,1
https://www.hamshahrionline.ir/news/503448/صدور-حکم-حبس-و-جزای-نقدی-برای-محمود-صادقی-سرنوشت-شکایت-صادق,47
https://www.hamshahrionline.ir/news/503425/قیمت-منفی-نفت-چیست-چه-معنایی-برای-مصرف-کننده-دارد,40
https://www.hamshahrionline.ir/news/503365/سرنوشت-مدعیان-خرافه-فروشی-چه-شد-پول-بدهید-تا-برایتان-دعا-کنیم,9
https://www.hamshahrionline.ir/news/503364/واکنش-وزیر-کشور-به-اقدامات-امنیتی-در-اعتراضات-آبان-۹۸,9
https://www.hamshahrionline.ir/news/503354/میرسلیم-با-عملکرد-روحانی-و-قالیباف-مخالفم-من-دولت-را-عاقل-تر,9
https://www.hamshahrionline.ir/news/503366/جزئیات-درگیری-مسلحانه-در-سراوان-شهادت-یک-بسیجی,1
https://www.hamshahrionline.ir/news/503377/اولین-فرمانده-زن-در-سپاه-را-بشناسید-امام-شما-چرا-چادر-سر,1
https://www.hamshahrionline.ir/news/503376/ترامپ-مهاجرت-به-آمریکا-را-موقتا-متوقف-می-کند,9
https://www.hamshahrionline.ir/news/503375/تصاویر-و-ویژگی-های-موشک-جدید-ضدزره-ایران-تجهیز-پهپادهای-ایرانی,1
https://www.hamshahrionline.ir/news/503374/حال-جسمانی-رهبر-کره-شمالی-در-وضعیت-خطرناکی-است,11
https://www.hamshahrionline.ir/news/503174/عکس-سرباز-صفر-۱۰۰-میلیون-دلاری-تاتنهام,9
https://www.hamshahrionline.ir/news/503141/عکس-اولین-واکنش-علی-کریمی-به-جنجال-های-اخیر,42
https://www.hamshahrionline.ir/news/503101/داور-دربی-با-کمک-یکدیگر-کرونا-را-شکست-می-دهیم,9
https://www.hamshahrionline.ir/news/503118/حمله-باورنکردنی-پیروانی-به-قلعه-نویی-از-قرارداد-۱۰میلیاردی,17
https://www.hamshahrionline.ir/news/503096/بازی-پرسپولیس-و-سپاهان-پنج-شنبه-در-کمیته-استیناف-بررسی-می-شود,10
https://www.hamshahrionline.ir/news/503262/تاثیر-کاهش-سود-بانکی-بر-بازار-مسکن-ارز-و-بورس,2
https://www.hamshahrionline.ir/news/503337/قیمت-نفت-آمریکا-برای-نخستین-بار-در-تاریخ-به-زیر-صفر-رسید,40
https://www.hamshahrionline.ir/news/503276/نرخ-مصوب-حلیم-آش-و-زولبیا-و-بامیه-در-ماه-رمضان,4
https://www.hamshahrionline.ir/news/503309/تاثیر-کاهش-سود-بانکی-بر-بازار-مسکن,2
https://www.hamshahrionline.ir/news/503278/دریافت-جریمه-دیرکرد-اقساط-وام-قرض-الحسنه-تخلف-است-مشتریان-شکایت,2
https://www.hamshahrionline.ir/news/503279/توصیه-همتی-به-بانک-ها-جهت-استفاده-از-ظرفیت-بازار-سرمایه-برای,6
https://www.hamshahrionline.ir/news/503285/شکایت-مزدی-کارگران-در-راه-عدالت-خانه,0
https://www.hamshahrionline.ir/news/503287/بازی-خوانی-سیاست-دولت-برای-نجات-اقتصاد,9
https://www.hamshahrionline.ir/news/503289/رفتارشناسی-تورم-در-ماه-قرنطینه,9
https://www.hamshahrionline.ir/news/503300/قیمت-مسکن-در-مناطق-مختلف-تهران-کجای-تهران-گرانتر-است,8
https://www.hamshahrionline.ir/news/503632/جدیدترین-آمار-مبتلایان-و-فوتی-های-کرونا-در-ایران-فوت-۸۸-نفر,9
https://www.hamshahrionline.ir/news/503318/خطرپذیرترین-استان-کشور-در-کرونا-استاندار-جز-من-همه-مدیران,9
https://www.hamshahrionline.ir/news/503766/انتقاد-عضو-شورای-شهر-از-شوخی-زشت-سحر-قریشی-با-یک-پاکبان,19
https://www.hamshahrionline.ir/news/503723/نتایج-جالب-یک-نظرسنجی-مردم-در-تعطیلات-و-قرنطینه-کرونایی-چه,9
https://www.hamshahrionline.ir/news/503751/تصاویر-بازگشایی-مراکز-خرید-در-تهران-پس-از-تعطیلات-کرونایی,9
https://www.hamshahrionline.ir/news/504341/فیلم-تهران-شلوغ-شد-کرونا-جان-تازه-می-گیرد,9
https://www.hamshahrionline.ir/news/503492/واکنش-محمود-صادقی-به-صدور-حکمش-در-دادگاه-شامل-حبس-و-جزای-نقدی,47
https://www.hamshahrionline.ir/news/503358/تشویقی-های-مادام-العمر-در-وزارت-نفت-ماجرا-چیست,40
https://www.hamshahrionline.ir/news/503373/هم-عذرخواهی-کرد-هم-استعفا-داد-از-پاس-گل-ظریف-به-حریف-تا,9
https://www.hamshahrionline.ir/news/503368/عکس-اسرائیل-هویت-فرد-متهم-به-جاسوسی-برای-ایران-را-فاش-کرد,3
https://www.hamshahrionline.ir/news/503356/۴۱-سال-پیش-سپاه-چگونه-تشکیل-شد-ماجرای-جلسه-با-کلتی-روی-میز,1
https://www.hamshahrionline.ir/news/503261/جزئیات-محل-زندان-دخترعموی-بن-سلمان-فاش-شد-دختر-اولین-پادشاه,20
https://www.hamshahrionline.ir/news/503327/جزئیات-رایزنی-ها-و-تماس-های-دیپلماتیک-امروز-رئیس-جمهور,9
https://www.hamshahrionline.ir/news/503326/رتبه-بندی-معلمان-ترمیم-شد-احکام-جدید-چه-زمانی-صادر-می-شود,9
https://www.hamshahrionline.ir/news/503303/تائید-افزایش-دعواهای-خانوادگی-پس-از-شیوع-کرونا-در-گزارش-مرکز,19
https://www.hamshahrionline.ir/news/503310/فیلم-عذرخواهی-امام-جمعه-ایرانشهر-به-خاطر-ویدئوی-جنجالی-توزیع,9
https://www.hamshahrionline.ir/news/503293/تست-کرونای-علی-لاریجانی-منفی-نشد-رئیس-مجلس-فعلا-نمی-آید,19
https://www.hamshahrionline.ir/news/503305/متن-طرح-جنجالی-اصلاح-قوانین-انتخابات-طرح-فردا-در-مجلس-بررسی,19
https://www.hamshahrionline.ir/news/503295/تاکید-رؤسای-جمهوری-ایران-و-آذربایجان-بر-اجرای-پروژه-راه-آهن-رشت-آستارا,9
https://www.hamshahrionline.ir/news/503299/روایت-فرمانده-نیروی-دریایی-سپاه-از-سرعت-شناورهای-ایرانی-در-مقایسه,41
https://www.hamshahrionline.ir/news/503060/رئیس-فدراسیون-فوتبال-آلمان-قطعا-بازی-ها-بدون-تماشاگر-خواهد-بود,10
https://www.hamshahrionline.ir/news/503055/درخواست-عجیب-استوکس-از-پرسپولیس-مرزهای-وقاحت-جابه-جا-شد,10
https://www.hamshahrionline.ir/news/503050/١٠-درصد-از-مبلغ-قرارداد-استقلالی-ها-پرداخت-می-شود,10
https://www.hamshahrionline.ir/news/503032/نگرانی-جوکوویچ-از-وضعیت-بحرانی-کرونا-در-اروپا,9
https://www.hamshahrionline.ir/news/503024/وفاداری-رونالدو-به-یوونتوس-با-تخفیف-۱۰-میلیونی-یورویی,10
https://www.hamshahrionline.ir/news/503042/اسامی-۷-ورزشکار-دوپینگی-اعلام-شد,9
https://www.hamshahrionline.ir/news/503016/ستین-شیفته-لائوتارو-نیستم,10
https://www.hamshahrionline.ir/news/503277/شوک-بزرگ-تیر-خلاص-به-بازار-نفت,40
https://www.hamshahrionline.ir/news/503198/سقوط-۷۰-درصدی-معاملات-مسکن-در-فروردین,8
https://www.hamshahrionline.ir/news/503208/آغاز-پرداخت-وام-۱۰۰-میلیونی-ازدواج-شرایط-دریافت-امکان-تجمیع,5
https://www.hamshahrionline.ir/news/503221/سکه-همچنان-بالای-۶-میلیون-تومان-جدیدترین-قیمت-طلا-و-سکه,31
https://www.hamshahrionline.ir/news/503158/صعود-۱۸-هزار-واحدی-بورس-تهران-شاخص-وارد-کانال-۷۰۰-هزار-واحد,6
https://www.hamshahrionline.ir/news/503173/وضعیت-محورهای-مواصلاتی-کشور-ممنوعیت-تردد-بین-استان-ها-لغو-شد,9
https://www.hamshahrionline.ir/news/503160/دلار-۱۰۰-تومان-ارزان-شد-آخرین-قیمت-ارزها,46
https://www.hamshahrionline.ir/news/502992/موج-جدید-حمله-ملخ-ها-به-ایران-تا-۱۵-روز-دیگر-هشدار-به-سه-استان,36
https://www.hamshahrionline.ir/news/502972/اجرای-نرخ-سود-۱۵-درصدی-در-بانک-ها-تغییر-نرخ-سود-چه-تاثیری-دارد,2
https://www.hamshahrionline.ir/news/502947/آغاز-ثبت-نام-وام-ضروری-بازنشستگان-از-امروز-مبلغ-وام-و-شرایط,0
https://www.hamshahrionline.ir/news/502929/راه-اندازی-۶۰-هزار-طرح-اشتغال-زایی-از-سوی-ستاد-اجرایی-فرمان-امام,14
https://www.hamshahrionline.ir/news/502933/سهمیه-بنزین-اردیبهشت-واریز-شد-افزایش-سقف-ذخیره-سهمیه-بنزین,9
https://www.hamshahrionline.ir/news/502931/لغو-عوارض-صادراتی-پیاز-ابلاغ-شد,9
https://www.hamshahrionline.ir/news/503427/حال-و-هوای-اولین-روز-شروع-به-کار-مراکز-خرید-پس-از-تعطیلات-کرونایی,15
https://www.hamshahrionline.ir/news/503411/اینفوگرافیک-رده-بندی-کشورهای-اصلی-درگیر-کرونا-آخرین-وضعیت,24
https://www.hamshahrionline.ir/news/503398/دزدان-خیابان-های-شمال-پایتخت-رقیب-عشقی-بودند,9
https://www.hamshahrionline.ir/news/503342/مردم-در-دوران-کرونا-چقدر-بیرون-از-خانه-هستند,9
https://www.hamshahrionline.ir/news/503319/اینفوگرافیک-پیش-بینی-مردم-ایران-درباره-زمان-نابودی-کرونا,9
https://www.hamshahrionline.ir/news/502925/جدل-سخت-ظریف-و-ترامپ,9
https://www.hamshahrionline.ir/news/502926/نتیجه-درخواست-وام-از-صندوق-بین-المللی-پول-چه-شد,2
https://www.hamshahrionline.ir/news/502918/چرا-آمریکا-به-ایران-حمله-نظامی-نمی-کند-هدف-حمله-موشکی-ایران,3
https://www.hamshahrionline.ir/news/502934/رودررو-در-خلیج-فارس-جزئیات-۳-مواجهه-سپاه-با-آمریکایی-ها,41
https://www.hamshahrionline.ir/news/502943/ترامپ-بایدن-رئیس-جمهور-شود-ایران-و-چین-آمریکا-را-مال-خودش-می-کند,3
https://www.hamshahrionline.ir/news/502923/آیا-عفو-بزرگی-در-راه-است,20
https://www.hamshahrionline.ir/news/502910/عکس-العمل-حاج-قاسم-از-ازدواج-مجدد-همسر-شهید,20
https://www.hamshahrionline.ir/photo/502915/تصاویر-مرکز-محرمانه-امنیت-آسمان-ایران-اینجاست,41
https://www.hamshahrionline.ir/news/502920/هشدار-شبانه-سپاه-به-ناوهای-آمریکا-در-خلیج-فارس-و-پاسخ-آنها-به,41
https://www.hamshahrionline.ir/news/503376/تصمیم-مهاجرتی-ترامپ-پس-از-حمله-یک-دشمن-نامرئی,9
https://www.hamshahrionline.ir/news/503358/تشویقی-های-مادام-العمر-در-وزارت-نفت-ماجرا-چیست,40
https://www.hamshahrionline.ir/news/503267/اولین-واکنش-امام-جمعه-ای-که-به-خاطر-توزیع-اسکناس-استعفا-کرد,9
https://www.hamshahrionline.ir/news/503268/آخرین-تصمیم-دولت-درباره-حرم-ها-و-اماکن-مقدسه-مصوبه-قبلی-تمدید,14
https://www.hamshahrionline.ir/news/503257/تصویری-کمتر-دیده-شده-از-مقام-معظم-رهبری-بر-سر-مزار-سعدی,1
https://www.hamshahrionline.ir/news/503253/ظریف-با-بشار-اسد-دیدار-کرد-تصاویر-متفاوت-از-دو-دیدار-مهم,3
https://www.hamshahrionline.ir/news/503145/روایت-تازه-از-روزهای-نخست-ورود-کرونا-چند-درصد-مردم-مناقشه-در,9
https://www.hamshahrionline.ir/news/503146/جزئیات-دستمزد-کارگران-در-سال-۹۹-سرنوشت-حق-مسکن-و-بن-خواربار,0
https://www.hamshahrionline.ir/news/503142/اظهارات-منتخب-احمدی-نژادی-مجلس-که-صندلی-لاریجانی-را-می-خواهد,19
https://www.hamshahrionline.ir/news/503135/بنیاد-مستضعفان-مانند-شستا-وارد-بورس-شود-یک-پوسته-از-دین-بیشتر,6
https://www.hamshahrionline.ir/news/502688/عکس-روز-باشکوه-مهرداد-اولادی-در-آزادی,10
https://www.hamshahrionline.ir/news/503344/چرا-قیمت-نفت-منفی-شد,40
https://www.hamshahrionline.ir/news/503153/تست-روان-شناسی-از-کجا-بدانیم-به-خاطر-کرونا-مضطرب-شده-ایم,9
https://www.hamshahrionline.ir/news/503363/تکلیف-امتحانات-و-دروس-عملی-هنرستانی-ها-چه-می-شود-اجازه-بازگشایی,13
https://www.hamshahrionline.ir/news/503100/واکنش-رئیسی-به-جوجه-کشی-و-ناپدید-شدن-دلارهای-دولتی-توجیهات,21
https://www.hamshahrionline.ir/news/503073/واکنش-سخنگوی-وزارت-خارجه-به-تنش-آفرینی-جدید-نظامیان-آمریکایی,3
https://www.hamshahrionline.ir/news/503049/تحرکات-کشورهای-فرامنطقه-ای-تحت-رصد-و-کنترل-شبکه-یکپارچه-پدافند,9
https://www.hamshahrionline.ir/news/503040/توضیحات-فرماندار-تهران-درباره-ممنوعیت-جلسات-مذهبی-در-ماه-رمضان,9
https://www.hamshahrionline.ir/news/502932/رئیس-مجلس-بودن-چرا-و-از-چه-زمانی-مهم-شد-صندلی-مجلس-دوپینگ,9
https://www.hamshahrionline.ir/news/502949/استانداری-قم-فیلم-منتشر-شده-را-پیگیری-می-کنیم,14
https://www.hamshahrionline.ir/news/502920/هشدار-شبانه-نیروی-دریایی-سپاه-به-ناوهای-آمریکا-در-خلیج-فارس-و,41
https://www.hamshahrionline.ir/news/502985/شناسایی-یکی-دیگر-از-علائم-پوستی-کرونا,9
https://www.hamshahrionline.ir/news/503189/جدیدترین-آمار-مبتلایان-و-فوتی-های-کرونا-در-ایران-فوتی-ها-زیاد,9
https://www.hamshahrionline.ir/news/503336/پاساژها-و-بازارهای-مسقف-تا-ساعت-چند-می-توانند-فعالیت-کنند,14
https://www.hamshahrionline.ir/news/503333/راهنمای-خرید-ایمن-خواروبار-در-زمانه-کرونا,9
https://www.hamshahrionline.ir/news/503288/هشدار-وزارت-بهداشت-درباره-افزایش-ابتلا-به-کرونا-در-استان-شمالی,9
https://www.hamshahrionline.ir/news/503316/اعلام-نرخ-جدید-ثبت-ازدواج-و-طلاق-مقایسه-با-نرخ-سال-۹۸,9
https://www.hamshahrionline.ir/news/503314/فیلم-امتحانات-از-پایان-ترم-دانشگاه-ها-حذف-شدند-اساتید-می-توانند,13
https://www.hamshahrionline.ir/news/503747/اظهارات-سخنگوی-سازمان-جهانی-بهداشت-درباره-منشاء-کرونا-فرضیه,9
https://www.hamshahrionline.ir/news/503729/خطر-شکست-فاصله-گذاری-اجتماعی-و-اوج-گرفتن-دوباره-کرونا,9
https://www.hamshahrionline.ir/news/503656/علت-اصلی-خروج-تهرانی-ها-از-منزل-در-دوران-کرونا-چند-درصد-تهرانی-ها,9
https://www.hamshahrionline.ir/news/504093/تغییر-روند-مرگ-و-میر-مبتلایان-کرونا-در-ایران,9
https://www.hamshahrionline.ir/news/504096/خطر-قحطی-و-گرسنگی-در-جهان-آماری-تلخ-از-انسان-هایی-که-هر-شب,9
https://www.hamshahrionline.ir/news/504105/تاریخ-پایان-کفالت-مستمری-بگیران-بازمانده-تمدید-شد,9
https://www.hamshahrionline.ir/news/502853/واکنش-ظریف-به-ترامپ-در-امور-کشور-من-دخالت-نکن,3
https://www.hamshahrionline.ir/news/502848/فیلم-تصاویری-عجیب-از-زندگی-زیرزمینی-معتادان-در-تهران-پاتوق,9
https://www.hamshahrionline.ir/news/503314/فیلم-امتحانات-از-پایان-ترم-دانشگاه-ها-حذف-شد-اساتید-می-توانند,13
https://www.hamshahrionline.ir/news/503549/فیلم-امن-ترین-جا-بعد-از-خانه-در-بحران-کرونا,9
https://www.hamshahrionline.ir/news/502943/ترامپ-بایدن-رئیس-جمهور-شود-ایران-و-چین-آمریکا-را-مال-خودش-می-کنند,3
https://www.hamshahrionline.ir/news/502951/تبرئه-کارگردان-جوان-از-اتهام-قتل-همسر-پای-کرونا-در-میان-است,9
https://www.hamshahrionline.ir/news/502937/تهران-دوباره-به-استقبال-کرونا-خواهد-رفت,14
https://www.hamshahrionline.ir/news/504162/اسپانیا-دوباره-تست-های-کرونای-معیوب-چینی-را-بازپس-فرستاد,9
https://www.hamshahrionline.ir/news/503263/فوت-۳-دانشجوی-دانشگاه-تهران-بر-اثر-کرونا,9
https://www.hamshahrionline.ir/news/503259/اطلاعیه-مهم-تکلیف-امتحانات-پایان-ترم-دانشجویان-مشخص-شد,13
https://www.hamshahrionline.ir/news/503230/واکنش-جهانپور-به-انتقادات-از-آمار-کرونا-برخی-کارشناس-رای-هستند,9
https://www.hamshahrionline.ir/news/503247/کرونا-در-شیرخوارگاه-اصفهان-۲-کودک-جان-باختند,9
https://www.hamshahrionline.ir/news/503517/هشدار-حریرچی-درباره-پیک-دوم-و-سوم-شیوع-کرونا-غربالگری-کم-علامت-ها,9
https://www.hamshahrionline.ir/news/503293/علی-لاریجانی-فعلا-به-مجلس-نمی-رود-آخرین-وضعیت-پس-از-ابتلا-به,19
https://www.hamshahrionline.ir/news/503267/اولین-واکنش-امام-جمعه-ای-که-به-خاطر-توزیع-اسکناس-مجبور-به-استعفا,9
https://www.hamshahrionline.ir/news/503286/عکس-روز-گرفتن-تست-کرونا,9
https://www.hamshahrionline.ir/news/503652/موسیقی-ویروس-کرونا-روشی-متفاوت-برای-الهام-بخشی-به-پژوهشگران,9
https://www.hamshahrionline.ir/news/503878/مساجد-و-حسینیه-های-تهران-برای-سوگ-آنلاین-آماده-می-شوند-همراه,9
https://www.hamshahrionline.ir/news/504335/آنچه-دانشمندان-می-خواهند-درباره-کرونا-بدانند-۱-چه-درمان-هایی,9
https://www.hamshahrionline.ir/news/503050/١٠-درصد-از-مبلغ-قرارداد-استقلالی-ها-پرداخت-می-شود,10
https://www.hamshahrionline.ir/news/503033/جزئیات-ادامه-سال-تحصیلی-دانشجویان-دانشگاه-آزاد-زمان-بازگشایی,9
https://www.hamshahrionline.ir/news/503757/اطلاع-نگاشت-هنگام-خرید-از-سوپر-مارکت-چه-نکاتی-را-باید-رعایت,9
https://www.hamshahrionline.ir/news/504367/اعتراف-یک-نهاد-زیرمجموعه-ترامپ-درباره-ایران-در-گزارشی-محرمانه,3
https://www.hamshahrionline.ir/news/504350/اظهارات-نماینده-کنگره-آمریکا-درباره-جنگ-با-ایران-طبق-دکترین,9
https://www.hamshahrionline.ir/news/504351/غافلگیری-های-جدید-در-راه-است,12
https://www.hamshahrionline.ir/news/504365/توصیف-معنادار-قالیباف-درباره-سردار-حاجی-زاده,9
https://www.hamshahrionline.ir/news/504349/تصاویر-دیده-نشده-از-پرتاب-نخستین-ماهواره-نظامی-ایران,12
https://www.hamshahrionline.ir/news/504372/عکس-عبور-ماهواره-سپاه-از-فراز-سرزمین-های-اشغالی,12
https://www.hamshahrionline.ir/news/504362/پیشنهاد-رایگان-سخنگوی-وزارت-خارجه-ایران-به-مقامات-آمریکایی,3
https://www.hamshahrionline.ir/news/504368/ماموریت-اولین-ماهواره-نظامی-ایران-چیست-جرئیات-برنامه-فضایی,12
https://www.hamshahrionline.ir/news/504370/اولین-صحبت-های-نوشنده-ادرار-شتر-پس-از-دستگیری-واکنش-و-اقدامات,9
https://www.hamshahrionline.ir/news/504356/عکس-ماشین-تردد-رئیس-دفتر-مقام-معظم-رهبری,1
https://www.hamshahrionline.ir/news/504386/ستاد-ملی-مقابله-با-کرونا-برای-باز-کردن-اماکن-زیارتی-تحت-فشار,14
https://www.hamshahrionline.ir/news/504382/سردار-قاسم-سلیمانی-موقع-انتخاب-اسم-دخترش-چه-گفت-دلنوشته-زینب,20
https://www.hamshahrionline.ir/news/504379/ترامپ-به-دنبال-ایجاد-بحران-مصنوعی-در-خلیج-فارس-است,9
https://www.hamshahrionline.ir/news/504378/حکم-مراجع-تقیلد-برای-روزه-در-ایام-شیوع-ویروس-کرونا-حکم-رهبر,4
https://www.hamshahrionline.ir/news/504377/روایت-متفاوت-روزنامه-لبنانی-درباره-روند-پرتاب-ماهواره-نور-چرا,12
https://www.hamshahrionline.ir/news/504374/ادعای-هماهنگی-ترامپ-با-وزارت-دفاع-آمریکا-برای-شلیک-به-قایق-های,3
https://www.hamshahrionline.ir/news/504366/فیلم-افشاگری-جدید-سردار-حاجی-زاده-اگر-آمریکا-پاسخ-حمله-موشکی,1
https://www.hamshahrionline.ir/news/504372/عبور-ماهواره-سپاه-از-فراز-سرزمین-های-اشغالی,12
https://www.hamshahrionline.ir/news/504371/افشاگری-نماینده-مجلس-از-علت-کناره-گیری-استراماچونی,19
https://www.hamshahrionline.ir/news/504318/مقابله-با-کرونا-انگلیسی-ها-بزاق-دهان-خود-را-پست-می-کنند,9
https://www.hamshahrionline.ir/news/504277/تجربه-کمونیستی-در-مقابله-با-کرونا-ایالت-کرالا-در-هند,9
https://www.hamshahrionline.ir/news/504345/کرونا-می-تواند-منجر-به-سکته-مغزی-در-جوانان-شود,9
https://www.hamshahrionline.ir/news/504305/احوالپرسی-با-مردی-که-کلکسیونش-۸-میلیارد-تومان-می-ارزد,9
https://www.hamshahrionline.ir/news/504361/طرز-تهیه-شله-زرد-ساده-خانگی-خوشمزه-ترین-و-پرطرفدارترین-دسر,4
https://www.hamshahrionline.ir/news/504364/گروه-های-پرخطر-انتشار-کرونا-چه-کسانی-هستند-افزایش-بار-کرونا,9
https://www.hamshahrionline.ir/news/504360/مسافران-احتمالی-ناقل-ویروس-راهی-گیلان-شدند,9
https://www.hamshahrionline.ir/news/504355/آخرین-آمار-رسمی-کرونا-در-ایران-و-جهان-شمار-تلفات-ایران-و-آمریکا,24
https://www.hamshahrionline.ir/news/504358/ایران-در-آستانه-شکاف-جدید-طبقاتی-احمدی-نژاد-با-درآمدهای-نجومی,9
https://www.hamshahrionline.ir/news/504413/فوتبال-آلمان-از-۲۰-اردیبهشت-راه-می-افتد,9
https://www.hamshahrionline.ir/news/504399/پست-رحمتی-خطاب-به-امیر-و-افشین-با-چاشنی-حلالیت-از-قلعه-نویی,17
https://www.hamshahrionline.ir/news/504393/پروین-اجازه-نداد-قلعه-نویی-پرسپولیسی-شود-ماجرای-خونی-که-فنونی-زاده,17
https://www.hamshahrionline.ir/news/504389/عکس-واکنش-صفحه-رسمی-رهبر-انقلاب-به-پست-بیرانوند,3
https://www.hamshahrionline.ir/news/504407/تصاویر-ماهواره-ای-مخازن-نفت-چه-می-گویند-نفت-شاید-به-منفی-۱۰۰,40
https://www.hamshahrionline.ir/news/504403/جدیدترین-واکنش-ترامپ-به-وضعیت-رهبر-کره-شمالی-دعوای-مجدد-با,11
https://www.hamshahrionline.ir/news/504375/آزمایش-بالینی-داروی-امیدبخش-کرونا-شکست-خورد,25
https://www.hamshahrionline.ir/news/504416/امکان-ثبت-غیرحضوری-درخواست-گذرنامه-فراهم-می-شود,9
https://www.hamshahrionline.ir/news/504406/آمار-کرونا-در-۱۵-کشور-اصلی-درگیر-رده-بندی-کشورها-جایگاه-ایران,24
https://www.hamshahrionline.ir/news/504431/ممنوعیت-پرداخت-سود-به-سپرده-های-بانکی-دستگاه-های-اجرایی,2
https://www.hamshahrionline.ir/news/504424/افراد-واجد-شرایط-وام-یک-میلیون-تومانی-زمان-و-نحوه-واریز,5
https://www.hamshahrionline.ir/news/504456/گل-محمدی-از-افشین-کاملا-حمایت-می-کنم-پاسخ-به-شایعه-انتقال-نعمتی,37
https://www.hamshahrionline.ir/news/504446/سری-آ-خشن-ترین-لیگ-اروپا,37
https://www.hamshahrionline.ir/news/504443/فاش-شدن-تخلفی-دیگر-در-باشگاه-پرسپولیس,10
https://www.hamshahrionline.ir/news/504438/بارسلونا-در-صدد-خرید-بزرگ-از-لایپزیک,10
https://www.hamshahrionline.ir/news/504410/اتحادیه-اروپا-برای-مقابله-با-کرونا-۵۴۰-میلیارد-یورو-هزینه-می-کند,9
https://www.hamshahrionline.ir/news/504439/آمار-کرونا-در-جهان-تعداد-بالای-مرگ-در-آمریکا-ترکیه-می-تازد,24
https://www.hamshahrionline.ir/news/504447/بارش-باران-و-برف-۵-روزه-هوا-۸-درجه-سرد-می-شود,36
https://www.hamshahrionline.ir/news/504434/دوباره-شروع-شد-ترافیک-سنگین-جاده-های-منتهی-به-شمال,9
https://www.hamshahrionline.ir/news/504418/آغاز-نخستین-پیش-فروش-خودروهای-سایپا-در-سال-۹۹-از-فردا-جدول,15
https://www.hamshahrionline.ir/news/504448/پیشنهاد-عجیب-ترامپ-برای-درمان-کرونا-ضد-عفونی-کننده-تزریق-کنید,48
https://www.hamshahrionline.ir/news/504369/نباید-مردم-را-اغتشاشگر-می-نامیدیم-این-همه-تبعیض-اقتصادی-فراهم,9
https://www.hamshahrionline.ir/news/504467/سرانجام-اولین-و-آخرین-حمله-نظامی-آمریکا-به-ایران,3
https://www.hamshahrionline.ir/news/504463/رهبر-کره-شمالی-در-حال-قدم-زدن-رویت-شد,11
https://www.hamshahrionline.ir/news/504486/کادر-فنی-تیم-ملی-فوتبال-مشخص-شدند,10
https://www.hamshahrionline.ir/news/504479/اسکوچیچ-شانس-زیادی-برای-صعود-داریم,10
https://www.hamshahrionline.ir/news/504473/ادعای-دروغ-فنونی-زاده-در-مورد-قلعه-نویی-پارسال-تکذیب-شد,17
https://www.hamshahrionline.ir/news/504477/جهانبخش-ممکن-بود-مقابل-آرسنال-بازی-کنم-اما-کرونا-اجازه-نداد,10
https://www.hamshahrionline.ir/news/504485/نمودار-مقایسه-موارد-ابتلای-قطعی-به-کرونا-در-ایران-و-کشورهای,9
https://www.hamshahrionline.ir/news/504482/فیلم-تراژدی-کرونا-در-برزیل-فاجعه-گورهای-دسته-جمعی,9
https://www.hamshahrionline.ir/news/504453/فیلم-ارغوان-ابتهاج-این-چه-رازی-است-چشم-های-خود-را-ببندید,9
https://www.hamshahrionline.ir/news/501935/لغو-پرواز-ایتالیا-ایران-به-خاطر-رفتار-نامناسب-مسافران-اطلاعیه,3
https://www.hamshahrionline.ir/news/504546/پمپئو-کشورها-باید-از-ایران-فاصله-بگیرند,3
https://www.hamshahrionline.ir/news/504531/انتقاد-علم-الهدی-از-استمرار-تعطیلی-اماکن-مذهبی-مساجد-را-باز,14
https://www.hamshahrionline.ir/news/504523/استاندار-تهران-روند-روزهای-اخیر-ادامه-یابد-دوباره-محدودیت-ها,9
https://www.hamshahrionline.ir/news/504517/دستور-روحانی-درباره-بازگشایی-اماکن-مذهبی-تاکید-بر-افزایش-سرعت,14
https://www.hamshahrionline.ir/news/504519/شرایط-جدید-خرید-خودرو-و-ساختمان-در-دستگاه-های-اجرایی,15
https://www.hamshahrionline.ir/news/504515/واکنش-انگلیس-به-پرتاب-ماهواره-توسط-سپاه-مغایر-قطعنامه-۲۲۳۱,12
https://www.hamshahrionline.ir/news/504510/پرسش-جالب-ظریف-درباره-سلاح-های-دهشتناک-آمریکا-و-اروپا-نمی-توانند,3
https://www.hamshahrionline.ir/news/504503/فیگارو-اکنون-ایران-می-تواند-مراکز-نظامی-و-هسته-ای-اسرائیل-را,12
https://www.hamshahrionline.ir/news/504508/سوال-۳-نماینده-مجلس-از-وزیر-دفاع-درباره-سرنگونی-هواپیمای-اوکراینی,19
https://www.hamshahrionline.ir/news/504505/بیانیه-خانواده-عضو-مجمع-تشخیص-که-در-اثر-کرونا-درگذشت,1
https://www.hamshahrionline.ir/news/504378/حکم-مراجع-تقلید-برای-روزه-در-ایام-شیوع-ویروس-کرونا-حکم-رهبر,4
https://www.hamshahrionline.ir/news/504525/رحمتی-دلش-با-این-مربی-صاف-نمی-شود,10
https://www.hamshahrionline.ir/news/504520/استقلال-برای-این-بازیکن-40-ساله-هزینه-نمی-کند,10
https://www.hamshahrionline.ir/news/504455/رضا-مرادی-ورزشکار-برتر-هوایی-سال-شد,9
https://www.hamshahrionline.ir/news/504493/عکس-شبی-که-اشک-های-رونالدو-سرازیر-شد,10
https://www.hamshahrionline.ir/news/504541/ورود-۵۰-هزار-میلیارد-تومان-پول-جدید-به-بورس-بازار-سهام-به-مقصد,6
https://www.hamshahrionline.ir/news/504468/فیلم-ماجرای-قیمت-۲-۵-میلیاردی-ولووی-۴۲۰-میلیونی-دیوار-و-شیپور,15
https://www.hamshahrionline.ir/news/504533/هشدار-جدی-شرکت-تولید-مواد-ضدعفونی-کننده-توصیه-ضدکرونایی-ترامپ,48
https://www.hamshahrionline.ir/news/504526/عکس-روز-ورزش-با-فاصله-گذاری,9
https://www.hamshahrionline.ir/news/504513/عکس-روز-تقدیر-از-پزشکان-در-مسجد-برزیلی,9
https://www.hamshahrionline.ir/news/504373/آنچه-دانشمندان-می-خواهند-درباره-کرونا-بدانند-۲-آیا-بهبودی,9
https://www.hamshahrionline.ir/news/504547/فیلم-۱۳-بدر-در-اردیبهشت-در-اطراف-پارک-های-تهران-چه-خبر-است,9
https://www.hamshahrionline.ir/photo/504543/تصاویر-نحوه-رصد-هلال-ماه-رمضان-در-قم,4
https://www.hamshahrionline.ir/news/504544/فاطمه-معتمد-آریا-سفیر-سلامت-روان-شد,42
https://www.hamshahrionline.ir/news/504518/کرونا-با-گرم-شدن-هوا-از-بین-می-رود,9
https://www.hamshahrionline.ir/news/504521/گلچهره-اعظم-آوا-درگذشت,9
https://www.hamshahrionline.ir/news/504511/پوشش-جدید-آذری-جهرمی-سنت-شکنی-وزیر-ارتباطات-در-همدلی-با-ایران,9
https://www.hamshahrionline.ir/news/504469/فیلم-ماجرای-عکس-زوج-پیری-که-فضای-مجازی-را-تسخیر-کرد,42
https://www.hamshahrionline.ir/news/504501/کرونا-جان-قدیمی-ترین-مخالف-خوان-تعزیه-تهران-را-هم-گرفت,9
https://www.hamshahrionline.ir/news/504506/واکنش-قاطع-سینماداران-آمریکا-در-مخالفت-با-بازگشایی-زودهنگام-سینماها,42
https://www.hamshahrionline.ir/news/504499/ناگفته-های-پیشکسوتان-در-جشن-۸۰-سالگی-رادیو,9
https://www.hamshahrionline.ir/news/504557/جزئیات-گفتگوی-روحانی-و-فرمانده-سپاه-درباره-موفقیت-فضایی-و-تحرکات,12
https://www.hamshahrionline.ir/news/504529/جزئیات-دیدار-مجازی-حناچی-با-شهردار-لندن-صادق-خان-تهران-در,9
https://www.hamshahrionline.ir/news/504448/نسخه-مرگبار-ترامپ-برای-کرونا-ضد-عفونی-کننده-تزریق-کنید-واکنش,48
https://www.hamshahrionline.ir/news/504539/فیلم-بارش-برف-بهاری-در-ارتفاعات-اسالم,36
https://www.hamshahrionline.ir/news/504556/افشاگری-عجیب-در-مورد-آرات-حسینی-از-اسپانسر-یک-میلیاردی-تا-درآمد,9
https://www.hamshahrionline.ir/news/504537/استارت-تخت-گاز-قیمت-خودرو,15
https://www.hamshahrionline.ir/news/504535/اگر-بورس-رشد-نکند-چه-می-شود,6
https://www.hamshahrionline.ir/news/504553/خبر-خوش-برای-کارگران-و-بازنشستگان-۱۰-برابر-شدن-پرداخت-وام-قرض,0
https://www.hamshahrionline.ir/news/504538/نقشه-نفتی-ترامپ-و-آینده-طلای-سیاه,40
https://www.hamshahrionline.ir/news/504540/کارنامه-قبولی-تجارت-ایران-زیر-سایه-تحریم,3
https://www.hamshahrionline.ir/news/504528/واکنش-پزشکان-به-ایده-مرگبار-ترامپ-برای-درمان-کرونا,48
https://www.hamshahrionline.ir/news/504513/عکس-روز-مبارزان-خط-اول-کرونا-در-مسجد-برزیلی,9
https://www.hamshahrionline.ir/news/504373/آنچه-دانشمندان-می-خواهند-درباره-کرونا-بدانند-۲-آیا-بهبودی,9
https://www.hamshahrionline.ir/news/504548/تصاویر-صعود-متفاوت-کوهنوردان-در-آشپزخانه,9
https://www.hamshahrionline.ir/news/504498/تصاویر-افشاگری-رسانه-فرانسوی-پس-از-۱۰۰-سال-آمریکا-عامل-آنفلوانزای,9
https://www.hamshahrionline.ir/news/504536/سرنوشت-زیر-خاکی-پس-از-حواشی-بازیگر-زن-یک-مدیر-تلویزیون-این,42
https://www.hamshahrionline.ir/news/504554/مواد-ضدعفونی-کننده-را-به-خودتان-تزریق-نکنید-پیامدهای-ایده-ترامپ,48
https://www.hamshahrionline.ir/news/504527/ماجرای-قرار-دادن-نیوجرسی-مقابل-یک-داروخانه-در-تهران-چه-بود,9
https://www.hamshahrionline.ir/news/504542/واکسن-انگلیسی-ویروس-کرونا-به-دو-داوطلب-تزریق-شد,32
https://www.hamshahrionline.ir/news/504555/سوسن-طاقدیس-درگذشت,9
https://www.hamshahrionline.ir/news/504550/همشهری-آوا-پادکست-همیشه-فاصله-ای-هست-۵-اردیبهشت-۹۹-فاصله,9
https://www.hamshahrionline.ir/news/504549/سریال-های-تلویزیونی-در-ماه-مبارک-رمضان-اعلام-شبکه-و-ساعت-پخش,4
https://www.hamshahrionline.ir/news/504564/آیت-الله-ابراهیم-امینی-درگذشت,1
https://www.hamshahrionline.ir/news/504561/واکنش-ایران-به-مواضع-انگلیس-و-فرانسه-درباره-پرتاب-ماهواره-نور,12
https://www.hamshahrionline.ir/news/504565/دو-بازیکن-و-پنج-مدیر-پیشین-لالیگا-به-دلیل-فساد-ورزشی-محکوم-به,10
https://www.hamshahrionline.ir/news/504563/دروازه-بان-سابق-رئال-مسی-حقه-باز-و-رونالدو-خودخواه-است,10
https://www.hamshahrionline.ir/news/504556/افشاگری-عجیب-در-مورد-آرات-حسینی-از-اسپانسر-یک-میلیاردی-تا-درآمد,9
https://www.hamshahrionline.ir/news/504039/واکسن-چینی-کرونا-روی-حیوانات-جواب-مثبت-داد,32
https://www.hamshahrionline.ir/news/504562/نتایج-یک-بررسی-نور-خورشید-به-سرعت-ویروس-کرونا-را-نابود-می-کند,9
https://www.hamshahrionline.ir/news/504554/مواد-ضدعفونی-کننده-را-به-خودتان-تزریق-نکنید-پیامدهای-ایده-ترامپ,48
https://www.hamshahrionline.ir/news/504564/آیت-الله-امینی-به-دیار-حق-شتافت,1
https://www.hamshahrionline.ir/news/504570/ترامپ-سخنانم-درباره-تزریق-مواد-ضدعفونی-به-بدن-شوخی-بود,48
https://www.hamshahrionline.ir/news/504566/شمار-تلفات-ثابت-شده-کرونا-در-جهان-از-۱۹۰۰۰۰-گذشت-ایتالیا-قرنطینه,9
https://www.hamshahrionline.ir/news/504526/عکس-روز-ورزش-با-فاصله-گذاری-در-زمانه-کرونا,9
https://www.hamshahrionline.ir/photo/504516/تصاویر-بازگشایی-بوستان-های-تهران-و-بی-توجهی-مردم-به-کرونا,9
https://www.hamshahrionline.ir/news/504568/نگرانی-ها-افزایش-یافت-بوستان-ها-مملو-از-جمعیت-شدند-بازگشایی,14
https://www.hamshahrionline.ir/news/504570/واکنش-ترامپ-به-سخنانش-درباره-تزریق-مواد-ضدعفونی-به-بدن,48
https://www.hamshahrionline.ir/news/504582/پشت-پرده-یک-سیاست-پولی-یک-ممنوعیت-جدید,9
https://www.hamshahrionline.ir/news/504592/اگر-عراق-مجبور-به-انتخاب-بین-ایران-و-آمریکا-شود,3
https://www.hamshahrionline.ir/news/504577/ماجرای-تصویر-جسد-رهبر-کره-شمالی-چیست-خبرهای-ضد-و-نقیض-از-رهبر,11
https://www.hamshahrionline.ir/news/504588/واکنش-جهانپور-به-پیشنهاد-عجیب-ترامپ-برای-درمان-کرونا-محو-شدن,9
https://www.hamshahrionline.ir/news/504587/جمع-ما-احمدی-نژادی-ها-در-مجلس-آینده-جمع-است-۵۰-نفریم-و-فراکسیون,19
https://www.hamshahrionline.ir/news/504579/افشاگری-یک-نماینده-از-تبلیغات-عجیب-قالیباف-میرسیلم-و-نیکزاد,9
https://www.hamshahrionline.ir/news/504573/تصاویر-رابطه-علی-دایی-و-سیدمحمد-خاتمی-دایی-نه-به-قول-خودش,2
https://www.hamshahrionline.ir/news/504586/ناگفته-هایی-از-برنامه-آمریکا-برای-حمله-به-بیت-رهبری-۴۰۰-نقطه,12
https://www.hamshahrionline.ir/news/504578/چه-جریانی-دنبال-باز-شدن-اماکن-مذهبی-در-شرایط-کروناست,14
https://www.hamshahrionline.ir/news/504581/استعفای-یک-عضو-اثرگذار-از-شورای-عالی-اصلاح-طلبان,38
https://www.hamshahrionline.ir/news/504597/۳-سناریو-از-رفتار-احتمالی-کروناویروس-در-آینده,9
https://www.hamshahrionline.ir/news/504572/جایگزین-بوتاکس-در-چند-هفته-۳-سال-جوان-تر-شوید,9
https://www.hamshahrionline.ir/news/504598/خطر-بازگشت-بحران-در-گیلان-افزایش-۷۰۰-بیمار-فقط-در-دو-روز-آمار,3
https://www.hamshahrionline.ir/news/504574/احساس-خستگی-می-کنید-شاید-این-۱۳-کار-را-انجام-نمی-دهید,9
https://www.hamshahrionline.ir/news/504569/آخرین-آمار-رسمی-کرونا-در-ایران-و-جهان-جهش-آمار-در-بریتانیا,24
https://www.hamshahrionline.ir/news/504575/غائله-ادرار-شتر-و-حقیقت-ماجرا-بول-الابل-به-چه-معناست,26
https://www.hamshahrionline.ir/news/504576/روند-صعودی-کرونا-در-۹-استان-ایران-اثری-از-قرنطینه-یا-فاصله-گذاری,9
https://www.hamshahrionline.ir/news/504583/راز-سخنان-عجیب-ترامپ-درباره-تزریق-مواد-ضدعفونی-فاش-شد,48
https://www.hamshahrionline.ir/news/504427/انتقاد-به-سخنگوی-شورای-نگهبان-افرادی-با-۸-هزار-رای-وارد-مجلس,19
https://www.hamshahrionline.ir/news/504628/واکنش-یک-مقام-اماراتی-درباره-اختلافات-با-ایران,3
https://www.hamshahrionline.ir/news/504601/رزهای-ژاپن-قربانی-کرونا-شدند,9
https://www.hamshahrionline.ir/news/504641/تمجید-سایت-اسپانیایی-از-جواد-نکونام-شاید-او-روزی-سرمربی-اوساسونا,10
https://www.hamshahrionline.ir/news/504648/اعتراض-به-تصمیم-کرونایی-در-لیگ-هلند-ما-شانس-اروپا-داشتیم-شکایت,37
https://www.hamshahrionline.ir/news/504614/عکس-دیاباته-از-من-کلاهبرداری-کردید-پاسخ-تان-را-دیگر-نخواهم,10
https://www.hamshahrionline.ir/news/504580/عربستان-سعودی-مجازات-شلاق-را-لغو-کرد,9
https://www.hamshahrionline.ir/news/504616/اهمیت-وعده-شام-در-ایام-روزه-داری,4
https://www.hamshahrionline.ir/news/504637/هشدار-درباره-فعالیت-رستوران-ها-در-ماه-رمضان-امواج-جدید-بیماری,4
https://www.hamshahrionline.ir/news/504606/جزئیات-نمره-دهی-در-امتحانات-پایه-دوازدهم-امتحانات-هماهنگ-پایه,13
https://www.hamshahrionline.ir/news/504624/اینفوگرافیک-تاثیر-ظهور-گونه-های-جدید-جهش-یافته-کرونا,9
https://www.hamshahrionline.ir/news/504589/سرنوشت-جوانی-که-عاشق-زن-برادرش-شد-فریبا-خبر-نداشتم,9
https://www.hamshahrionline.ir/news/504584/زمان-احتمالی-بازگشایی-مدارس-تکلیف-امتحانات-چه-شد,13
https://www.hamshahrionline.ir/news/504595/اعترافات-عجیب-۳-نفر-درباره-یک-قتل-قتل-رازآلود-مرد-مبل-ساز,9
https://www.hamshahrionline.ir/news/504704/افزایش-نگرانی-از-تبدیل-جدال-لفظی-ایران-و-آمریکا-به-رویارویی-عملی,3
https://www.hamshahrionline.ir/news/504688/تحریم-های-هسته-ای-و-موشکی-علیه-ایران-مهر-ماه-برداشته-می-شوند,3
https://www.hamshahrionline.ir/news/504676/پاسخ-رهبر-انقلاب-به-نامه-حجت-الاسلام-قرائتی-برای-ترویج-و-تفسیر,22
https://www.hamshahrionline.ir/news/502124/جنگ-جهانی-سوم-بدون-جنگ,9
https://www.hamshahrionline.ir/news/504585/این-۱۱-نفر-مهم-ترین-گزینه-های-ریاست-مجلس-یازدهم-از-رویای,9
https://www.hamshahrionline.ir/news/504579/تبلیغات-عجیب-قالیباف-میرسیلم-و-نیکزاد-برای-ریاست-مجلس-زورآزمایی,9
https://www.hamshahrionline.ir/news/504689/قائم-مقام-شهرخودرو-امیدواریم-عدالت-رعایت-شود,10
https://www.hamshahrionline.ir/news/504656/داور-زن-بسکتبال-در-خط-مقدم-مبارزه-با-کووید-19,9
https://www.hamshahrionline.ir/news/504660/اقدام-هماهنگ-طرفداران-علی-کریمی-علیه-تتلو-صفحه-خواننده-جنجالی,42
https://www.hamshahrionline.ir/news/504641/تمجید-سایت-اسپانیایی-از-جواد-نکونام-شاید-او-روزی-سرمربی-اوساسونا,10
https://www.hamshahrionline.ir/news/504648/اعتراض-به-تصمیم-کرونایی-در-لیگ-هلند-ما-شانس-اروپا-داشتیم,37
https://www.hamshahrionline.ir/news/504571/خدمت-همسر-کره-ای-آقای-فرماندار-به-بیماران-کرونا-در-آمریکا,11
https://www.hamshahrionline.ir/news/504639/پشت-پرده-اخراج-پرستاران-از-بیمارستان-های-خصوصی-تیر-خلاص-کرونا,9
https://www.hamshahrionline.ir/news/504694/این-۵-کار-را-تا-پایان-دوران-قرنطینه-انجام-ندهید,9
https://www.hamshahrionline.ir/news/504693/همه-شگردهای-کلاهبرداران-ملکی-چگونه-مال-باخته-مسکنی-نشویم,8
https://www.hamshahrionline.ir/news/504591/زن-صیغه-ای-بالاخره-عامل-دستگیری-گانگستر-بی-رحم-شد-سیا-مثل,34
https://www.hamshahrionline.ir/news/504668/واکسن-کرونا-روی-میمون-ها-با-موفقیت-عمل-کرد,32
https://www.hamshahrionline.ir/news/504576/روند-صعودی-کرونا-در-۹-استان-کشور-اثری-از-قرنطینه-یا-فاصله-گذاری,9
https://www.hamshahrionline.ir/news/504663/سروش-صحت-با-کتاب-باز-رمضانی-به-تلویزیون-بازمی-گردد,4
https://www.hamshahrionline.ir/news/504669/مه-لقا-خانم-و-ماجرای-کرد-تقلبی-و-دلایل-غیبت-در-نون-خ,33
https://www.hamshahrionline.ir/news/504758/پیام-تسلیت-رهبر-انقلاب-در-پی-درگذشت-آیت-الله-امینی,1
https://www.hamshahrionline.ir/news/504665/تراز-دریاچه-ارومیه-در-آستانه-رسیدن-به-۱۲۷۲-متر,34
https://www.hamshahrionline.ir/news/504634/افزایش-۲-برابری-آسیب-دیدگان-سیل-در-سراسر-جهان,9
https://www.hamshahrionline.ir/news/504732/نکونام-دستمزدم-را-می-بخشم,10
https://www.hamshahrionline.ir/news/504726/شکایت-خطیر-از-مالک-تراکتورسازی-قرارداد-استراماچونی-چه-ربطی-به,10
https://www.hamshahrionline.ir/news/504721/چین-برای-کمک-به-رهبر-کره-شمالی-پیش-قدم-شد,11
https://www.hamshahrionline.ir/news/504706/تصویر-متحرک-سیارک-ماسک-دار-در-حال-نزدیک-شدن-به-زمین-است,9
https://www.hamshahrionline.ir/news/504740/ماشین-تحریر-کرونا-هدیه-تام-هنکس-به-پسرکی-به-نام-کرونا,9
https://www.hamshahrionline.ir/news/504711/کرونا-چهارمین-ازدواج-جی-لو-را-به-تاخیر-انداخت,9
https://www.hamshahrionline.ir/news/504808/مقاومت-دلار-در-کانال-۱۵-هزار-تومان-جدیدترین-قیمت-ارزها,46
https://www.hamshahrionline.ir/news/504783/انتشار-گسترده-شایعه-مرگ-کیم-کره-شمالی-آماده-پذیرفتن-رهبر-تازه,11
https://www.hamshahrionline.ir/news/504838/جدیدترین-آمار-مبتلایان-و-فوتی-های-کرونا-در-ایران-۷۶-نفر-دیگر,9
https://www.hamshahrionline.ir/news/504840/روحانی-اگر-بیماری-اوج-بگیرد-ناگزیر-به-احیای-محدودیت-ها-هستیم,14
https://www.hamshahrionline.ir/news/504787/ایران-تحرکات-آمریکایی-ها-را-زیر-نظر-دارد,3
https://www.hamshahrionline.ir/news/504791/ماجرای-جنجالی-مدرک-تحصیلی-منتخب-مجلس-یازدهم-نخستین-واکنش-نماینده,19
https://www.hamshahrionline.ir/news/504836/قول-فوق-ستاره-پرتغالی-به-بانوی-پیر-رونالدو-تا-2022-تورینی-می,10
https://www.hamshahrionline.ir/news/504842/شوک-به-فوتبال-یونان-المپیاکوس-در-آستانه-سقوط-به-دسته-پایین,10
https://www.hamshahrionline.ir/news/504814/بورس-تهران-رکورد-تازه-زد-رشد-۲۷-هزار-و-۸۸۸-واحدی-شاخص-کل,6
https://www.hamshahrionline.ir/news/504850/تا-دو-ماه-دیگر-بازار-قطعه-تامین-است,15
https://www.hamshahrionline.ir/news/504901/همشهری-TV-بحران-گرسنگی-در-کمین-کدام-کشورهاست,9
https://www.hamshahrionline.ir/news/504782/آنچه-میگرنی-ها-درباره-روزه-داری-باید-بدانند,4
https://www.hamshahrionline.ir/news/504644/توصیه-های-غذایی-به-روزه-داران-ایام-کرونا-میوه-و-سبزی-فراموش,9
https://www.hamshahrionline.ir/news/504631/نکات-مثبت-روزه-داری-در-ایام-کرونا-نابودی-ویروس-با-گرم-شدن-هوا,4
https://www.hamshahrionline.ir/news/504849/گرانی-گریز-ناپذیر-خودرو,15
https://www.hamshahrionline.ir/news/504896/افشاگری-عجیب-گاردین-انگلیس-سال-گذشته-از-همه-گیری-کرونا-مطلع,9
https://www.hamshahrionline.ir/news/504885/خداحافظی-پراید-۱۱۱-با-خانواده-سایپا-قیمت-روز-خودروهای-داخلی,9
https://www.hamshahrionline.ir/news/504830/هزینه-خرید-مسکن-در-ونک-چقدر-است,8
https://www.hamshahrionline.ir/news/504865/سکه-کاهشی-شد-آخرین-قیمت-طلا-و-سکه,31
https://www.hamshahrionline.ir/news/504846/چون-همسرم-را-پیدا-نکردم-روی-۷۰-خودرو-رنگ-پاشیدم,15
https://www.hamshahrionline.ir/news/504817/بازگشایی-سینماها-اختیاری-شد,42
https://www.hamshahrionline.ir/news/504833/جدیدترین-اطلاعیه-وزارت-رفاه-درباره-وام-یک-میلیونی,5
https://www.hamshahrionline.ir/news/504869/استانی-در-وضعیت-قرمز-نیست-اما-ناگزیریم-در-برخی-تصمیمات-تجدیدنظر,23
https://www.hamshahrionline.ir/news/504892/ادغام-بانک-های-وابسته-به-نیروهای-مسلح-در-آینده-نزدیک,2
https://www.hamshahrionline.ir/news/504905/جزئیات-گفت-وگوی-تلفنی-ظریف-و-وزیر-امورخارجه-قطر,3
https://www.hamshahrionline.ir/news/504904/درخواست-روسیه-از-ایران-و-آمریکا-نگرانی-از-تنش-ها-در-خلیج-فارس,3
https://www.hamshahrionline.ir/news/504823/تنفس-هوای-مطلوب-در-بیشتر-مناطق-پایتخت,27
https://www.hamshahrionline.ir/news/504909/خبر-خوب-میلیچ-برای-استقلالی-ها,10
https://www.hamshahrionline.ir/news/504903/امروز-پرونده-منشا-و-جبارف-بسته-می-شود,10
https://www.hamshahrionline.ir/news/504843/بن-بست-قیمت-گذاری-خودروهای-پرتیراژ,15
https://www.hamshahrionline.ir/news/504913/احتمال-تولید-واکسن-کرونا-تا-شروع-موج-دوم,32
https://www.hamshahrionline.ir/news/504731/ویروس-کرونا-به-کدام-نقاط-بدن-حمله-می-کند,9
https://www.hamshahrionline.ir/news/504811/درمان-کرونا-با-پادتن-خون-افراد-بهبودیافته-در-دانشگاه-راکفلر-آمریکا,9
https://www.hamshahrionline.ir/news/504889/فیلم-کودک-کرونایی-عمل-قلب-باز-شد,9
https://www.hamshahrionline.ir/news/504906/چگونه-خرما-را-ضدعفونی-کنیم,9
https://www.hamshahrionline.ir/news/504877/چرا-اینستاگرام-اکانت-تتلو-را-بست-ریپورت-پرسپولیسی-ها-یا-فراخوان,42
https://www.hamshahrionline.ir/news/504722/آمار-مسرت-بخش-کرونا-در-چین-و-کره-جنوبی-۲۴-ساعت-بدون-فوتی,3
https://www.hamshahrionline.ir/photo/504918/عکس-افتتاح-عجیب-یک-تونل-در-شرایط-کرونا,9
https://www.hamshahrionline.ir/news/504780/صف-بندی-مخالفان-و-موافقان-سحر-قریشی-از-کنایه-های-تند-و-تیز,42
https://www.hamshahrionline.ir/news/504741/عاشقانه-ای-از-رضا-یزدانی-و-طناز-طباطبایی-خاطره-بازی-با-طهران,42
https://www.hamshahrionline.ir/news/504651/فیلم-گلایه-های-بهبود-در-دورهمی-به-خدا-ما-مالیات-می-دهیم,9
https://www.hamshahrionline.ir/news/504768/فیلم-تصاویر-نادر-از-کعبه-در-آغاز-ماه-مبارک-رمضان,4
https://www.hamshahrionline.ir/news/504900/آب-را-به-این-۱۲-دلیل-داغ-بنوشید,34
https://www.hamshahrionline.ir/news/504881/تشدید-فعالیت-سامانه-بارشی-کشور-دوباره-بارانی-می-شود-گردوغبار,36
https://www.hamshahrionline.ir/news/504908/همشهری-TV-ابهام-در-سرنوشت-بزرگترین-رویداد-فرهنگی-کشور,9
https://www.hamshahrionline.ir/news/504752/شهاب-حسینی-با-طلاخون-می-آید,9
https://www.hamshahrionline.ir/news/504935/واکنش-زیباکلام-به-درخواست-های-بی-شرمانه-تتلو-همه-ماجرای-مسدود,42
https://www.hamshahrionline.ir/news/504945/خیر-جمعی-نیاز-امروز-امید-فردا,4
https://www.hamshahrionline.ir/news/504883/نسخه-مرگبار-ترامپ-برای-کرونا-دردسرساز-شد-رکورد-مسمومیت-با-شوینده,9
https://www.hamshahrionline.ir/news/504930/ادعاهای-پمپئو-درباره-پرتاب-موفق-ماهواره-توسط-سپاه-ایران-دروغ,12
https://www.hamshahrionline.ir/news/504931/سایت-روزنامه-ایران-توسط-وزارت-خزانه-داری-آمریکا-مسدود-و-مصادره,3
https://www.hamshahrionline.ir/news/504933/کنایه-شمخانی-به-اروپا-در-مورد-مخالفت-آمریکا-با-درخواست-وام-ایران,3
https://www.hamshahrionline.ir/news/504911/آخرین-مهلت-تقاضا-برای-وام-یک-میلیون-تومانی-کرونا,5
https://www.hamshahrionline.ir/news/504942/آخرین-واکنش-قلعه-نویی-به-جنجال-های-اخیر-به-بزرگترها-لگد-نزنیم,17
https://www.hamshahrionline.ir/news/504936/حادثه-دردناک-برای-دوچرخه-سوار-ایرانی-مرگ-تلخ-به-هنگام-تمرین,3
https://www.hamshahrionline.ir/news/504932/دیدار-اشکان-دژآگه-با-خواننده-معروف-رپ,9
https://www.hamshahrionline.ir/news/504915/عقب-گرد-مسکن-زیر-سایه-بورس,8
https://www.hamshahrionline.ir/news/504924/فعالیت-رستوران-ها-در-ماه-رمضان-فقط-به-صورت-بیرون-بر-است,4
https://www.hamshahrionline.ir/news/504938/تصمیمات-جدید-بورس-برای-احراز-هویت-سهامداران-شتاب-ورود-متقاضیان,6
https://www.hamshahrionline.ir/news/504917/قیمت-زولبیا-و-بامیه-ماه-رمضان-اعلام-شد,4
https://www.hamshahrionline.ir/news/504907/کدام-تراکنش-های-بانکی-معاف-از-مالیات-شدند,18
https://www.hamshahrionline.ir/news/504937/عکس-روز-مادربزرگ-قرنطینه-شده-و-نوه-اش,9
https://www.hamshahrionline.ir/news/504776/پلیس-استرالیا-در-تعقیب-مردی-که-در-تراموا-عطسه-کرد,9
https://www.hamshahrionline.ir/news/504831/گلبول-های-سفید-بدن-در-شدت-بیماری-کووید-۱۹-تاثیر-دارند,9
https://www.hamshahrionline.ir/news/504794/کرونا-از-دود-سیگار-افراد-مبتلا-به-دیگران-منتقل-می-شود,9
https://www.hamshahrionline.ir/news/504832/جزئیات-طرح-الزام-موجران-به-تمدید-خودکار-۶-ماهه-قرارداد-مستاجران,14
https://www.hamshahrionline.ir/news/504944/سارمان-جهانی-بهداشت-گذرنامه-ایمنی-برای-کرونا-صادر-نکنید,9
https://www.hamshahrionline.ir/news/504927/۵-چهره-ایرانی-که-بیشترین-فالوئر-را-در-اینستاگرام-دارند,42
https://www.hamshahrionline.ir/news/504781/بی-اطلاعی-از-شیوع-کرونا-زوج-جوان-دریانورد-را-به-دردسر-انداخت,9
https://www.hamshahrionline.ir/news/504860/چراغ-موزه-های-برلین-کم-کم-روشن-می-شود,9
https://www.hamshahrionline.ir/news/504841/لوریس-چکنواریان-پخش-زنده-اینستاگرامی-برگزار-می-کند,9
https://www.hamshahrionline.ir/news/504851/کرونا-و-تام-کروز-درگیر-شدند,9
https://www.hamshahrionline.ir/news/504837/درباره-سریال-ماه-رمضانی-پدرپسری,42
https://www.hamshahrionline.ir/news/504910/دستور-وزیر-بهداشت-برای-رسیدگی-به-یک-گزارش-تخلف-در-حوزه-دارو,25
https://www.hamshahrionline.ir/news/504951/روایت-رهبری-از-ملاقات-با-امام-به-همراه-هاشمی-و-بنی-صدر-برای-تعیین,9
https://www.hamshahrionline.ir/news/504928/افشاگری-روحانی-از-پشت-پرده-برخی-شایعه-سازی-ها-باید-با-کرونا,9
https://www.hamshahrionline.ir/news/504788/کاهش-۲۵-درصدی-جمعیت-حشرات,9
https://www.hamshahrionline.ir/news/504953/هافبک-محبوب-استقلالی-ها-به-قطر-برمی-گردد,10
https://www.hamshahrionline.ir/news/504948/همشهری-آوا-پادکست-همیشه-فاصله-ای-هست-۶-اردیبهشت-۹۹-مبارزه,9
https://www.hamshahrionline.ir/news/504923/آخرین-مهلت-تعیین-قیمت-جدید-خودرو-شمارش-معکوس-برای-خروج-بازار,15
https://www.hamshahrionline.ir/news/504919/دهک-فقیر-در-تیررس-تورم-کرونایی,9
https://www.hamshahrionline.ir/news/504941/فیلم-بحران-کرونا-تا-چه-موقع-ادامه-دارد,32
https://www.hamshahrionline.ir/news/504943/احتمال-۲-تا-۳-طغیان-کرونا-در-یکسال-آینده-پاشنه-آشیل-کرونا-در,9
https://www.hamshahrionline.ir/news/504950/نگرانی-جدید-پزشکان-درباره-ویروس-کرونا,9
https://www.hamshahrionline.ir/news/504890/حاشیه-جدید-و-عجیب-برای-۲-بازیگر-پایتخت,9
https://www.hamshahrionline.ir/news/504871/واکنش-گوهر-خیراندیش-به-حواشی-سفر-به-آمریکا-با-پخش-ربنای-شجریان,42
https://www.hamshahrionline.ir/news/504874/برگزاری-نمایشگاه-کتاب-فرانکفورت-در-اکتبر,9
https://www.hamshahrionline.ir/news/504867/تولید-ماسک-در-تالار-بزرگ-اپرای-بوینس-آیرس,44
https://www.hamshahrionline.ir/news/504879/برگزاری-مجازی-جوایز-آکادمی-فیلم-آلمان-در-سال-۲۰۲۰,42
https://www.hamshahrionline.ir/news/504925/فیلم-اظهارات-روحانی-درباره-مبلغ-کم-کمک-معیشتی-خانوارها,9
https://www.hamshahrionline.ir/news/504959/درخواست-۲۲۶-روحانی-و-مداح-برای-بازگشایی-حرم-ها-و-مساجد-اسامی,14
https://www.hamshahrionline.ir/news/504920/ادعای-جدید-درباره-جراحی-کیم-جونگ-اون-جراحی-ناموفق-بود,11
https://www.hamshahrionline.ir/news/504956/رهبر-انقلاب-هراس-از-آمریکا-نتایج-تلخی-را-به-بار-خواهد-آورد,22
https://www.hamshahrionline.ir/news/504934/ابلاغ-شماره-ثبت-ملی-بلندترین-آبشار-ایران,14
https://www.hamshahrionline.ir/news/504770/رگبار-باران-در-بیشتر-مناطق-کشور-کاهش-۱۰-درجه-ای-دما-در-برخی,36
https://www.hamshahrionline.ir/news/504961/شفاف-سازی-کفاشیان-در-مورد-مبلغ-قراردادهای-کی-روش,10
https://www.hamshahrionline.ir/news/504954/در-انتظار-هنرنمایی-ستاره-فرانسوی-در-اینتر,9
https://www.hamshahrionline.ir/news/504795/وام-۱-تا-۲-میلیونی-چگونه-پرداخت-می-شود,5
https://www.hamshahrionline.ir/news/504921/پایان-بانک-های-نظامی-یا-بانک-داری-نظامی-ها,2
https://www.hamshahrionline.ir/news/504960/پرتوهای-ماورای-بنفش-را-می-توان-بر-ضد-کرونا-به-کار-برد-لامپ-های,9
https://www.hamshahrionline.ir/news/504801/استفاده-از-ماشین-های-بدون-سرنشین-با-فناوری-اینترنت-۵G,9
https://www.hamshahrionline.ir/news/504947/فیلم-درخواست-ترامپ-از-خبرنگار-برای-برداشتن-ماسک,9
https://www.hamshahrionline.ir/news/504969/جزئیات-پرداخت-وام-و-کمک-حمایتی-ضدکرونا-به-مردم,9
https://www.hamshahrionline.ir/news/504949/پشت-کردن-منبری-معروف-به-صندلی-نمایندگی-مجلس-باید-به-خاطر,9
https://www.hamshahrionline.ir/news/504940/سکه-همچنان-در-اوج-جدیدترین-قیمت-سکه-و-ارز,31
https://www.hamshahrionline.ir/news/504922/اعلام-برنامه-دولت-برای-عرضه-سریالی-سهام,6
https://www.hamshahrionline.ir/news/504916/بازار-مسکن-کرونایی-شد-کاهش-۸۷-۸-درصدی-معاملات-مسکن-در-تهران,8
https://www.hamshahrionline.ir/news/504967/عکس-روز-آتش-چرخانی-برای-رمضان,4
https://www.hamshahrionline.ir/news/504730/کدام-بیماری-های-زمینه-ای-بیشترین-و-کمترین-میزان-ابتلا-به-کرونا,9
https://www.hamshahrionline.ir/news/504963/چطور-آزمایش-کرونا-را-روی-شما-انجام-می-دهند,9
https://www.hamshahrionline.ir/news/504913/چینی-ها-می-گویند-تا-موج-دوم-کرونا-واکسن-شان-آماده-می-شود,32
https://www.hamshahrionline.ir/news/504952/طرز-تهیه-کوفته-ریزه-فروشگاه-آیکیا-دستور-پخت-کوفته-ریزه-های,4
https://www.hamshahrionline.ir/news/504962/آیا-پایان-کرونا-نزدیک-شده-است-محققان-به-نتایج-تازه-رسیده-اند,32
https://www.hamshahrionline.ir/news/504944/سازمان-جهانی-بهداشت-گذرنامه-ایمنی-برای-کرونا-صادر-نکنید,9
https://www.hamshahrionline.ir/news/504985/آیا-رهبر-کره-شمالی-به-خاطر-شیوع-کرونا-پنهان-شده-است,11
https://www.hamshahrionline.ir/news/504982/شمار-تلفات-کووید-۱۹-در-جهان-از-۲۰۰-هزار-نفر-گذشت,9
https://www.hamshahrionline.ir/news/504992/تهدید-ترامپ-علیه-ایران-نشان-دهنده-چیست,9
https://www.hamshahrionline.ir/news/504989/عارف-از-چه-چیزی-دلخور-است-اصلاح-طلبان-در-تدارک-بازسازی-گفتمان,38
https://www.hamshahrionline.ir/news/504981/ابهام-یک-مرگ-بازار-داغ-شایعات-درباره-سرنوشت-رهبر-کره-شمالی,11
https://www.hamshahrionline.ir/news/504979/جرقه-تقابل-لفظی-نظامی-آمریکا-با-ایران-در-خلیج-فارس-اوج-گیری,35
https://www.hamshahrionline.ir/news/504978/ادامه-این-وضع-بین-ایران-و-آمریکا-بسیار-پرخطر-است-احتمال-درگیری,9
https://www.hamshahrionline.ir/news/504993/علت-ثبات-قیمت-مسکن-در-فروردین-چه-بود,8
https://www.hamshahrionline.ir/news/504974/دختری-که-به-خاطر-نوشتن-از-خانه-فرار-کرد,9
https://www.hamshahrionline.ir/news/504986/سود-۵۰-درصدی-بورس-در-یک-ماه-صدای-پای-غول-های-خودرویی,6
https://www.hamshahrionline.ir/news/504976/خرج-تتلو-را-طرفدارانش-می-دادند-روایت-یکی-از-طرفداران-تتلو-از,42
https://www.hamshahrionline.ir/news/504972/مراسم-جایزه-ادبی-بهمن-غیرحضوری-شد,9
https://www.hamshahrionline.ir/news/505046/حواشی-یک-استعفا-موسوی-لاری-چرا-کناره-گرفت,38
https://www.hamshahrionline.ir/news/504971/فیلم-رصد-ماهواره-نور-در-سایت-های-جهانی-ردیابی-ماهواره,12
https://www.hamshahrionline.ir/news/504985/رهبر-کره-شمالی-به-خاطر-شیوع-کرونا-پنهان-شده-است,11
https://www.hamshahrionline.ir/news/505008/کیهان-چرا-بازارها-و-بوستان-ها-باز-است-اما-مساجد-تعطیلند-مساجد,14
https://www.hamshahrionline.ir/news/504970/اظهارات-متهم-بانک-سرمایه-از-اوین-امامی-طلبکار-شد-ماجرای,2
https://www.hamshahrionline.ir/news/504979/اوج-گیری-تازه-تقابل-قدیمی-جرقه-تقابل-لفظی-نظامی-آمریکا-با-ایران,35
https://www.hamshahrionline.ir/news/504978/ادامه-این-وضع-بین-ایران-و-آمریکا-بسیار-پرریسک-و-پرخطر-است,9
https://www.hamshahrionline.ir/news/505001/وضعیت-دما-و-بارش-کشور-در-ماه-رمضان,36
https://www.hamshahrionline.ir/news/504995/جنگل-زدایی-عامل-افزایش-انتقال-بیماری-ها-از-حیوان-به-انسان,9
https://www.hamshahrionline.ir/news/505031/واکنش-فغانی-به-حاشیه-های-اخیر-پیرامون-خانواده-اش-بزدل-هستند,42
https://www.hamshahrionline.ir/news/505028/پیغام-صریح-فرهاد-و-فرشید-به-سعادتمند-وقتی-پولی-نمی-دهی-مدیرعامل,10
https://www.hamshahrionline.ir/news/505000/اسکوچیچ-و-سفر-پرماجرای-ایران-تا-کرواسی,9
https://www.hamshahrionline.ir/news/504987/سقوط-بی-سابقه-معاملات-مسکن-آینده-بازار-املاک-چه-می-شود,8
https://www.hamshahrionline.ir/news/504886/ویژگی-منحصربه-فرد-رنگ-مشکی-در-دنیای-مد-چه-زمانی-باید-سیاه-پوشید,9
https://www.hamshahrionline.ir/news/504990/سونامی-چک-برگشتی-در-بازار-و-کابوس-نزول-خوارها-فعالان-اقتصادی,9
https://www.hamshahrionline.ir/news/504991/جزئیات-وضعیت-احتمالی-دانشگاه-ها-در-مهر-آموزش-حضوری-می-شود,13
https://www.hamshahrionline.ir/photo/504966/تصاویر-زندگی-دختر-ورزشکار-ایرانی-در-بخش-ایزوله-بیماران-کرونا,9
https://www.hamshahrionline.ir/news/504965/آخرین-آمار-رسمی-کرونا-در-ایران-و-جهان-۲۴-ساعت-مرگبار-در-اروپا,24
https://www.hamshahrionline.ir/news/504984/تاثیر-پاندمی-کرونا-بر-تغییر-الگوهای-خرید-کتاب-در-آمریکا,9
https://www.hamshahrionline.ir/news/505118/واکنش-ایران-به-تصمیم-جدید-آمریکا-برای-رسانه-های-ایرانی,3
https://www.hamshahrionline.ir/news/505111/مدیرعامل-بانک-مسکن-بر-اثر-ابتلا-به-کرونا-فوت-کرد,8
https://www.hamshahrionline.ir/news/505057/کنایه-میرسلیم-به-اصلاح-طلبان-اکثریت-را-تخریب-نکنید,9
https://www.hamshahrionline.ir/news/505051/جدیدترین-طلبکار-پرسپولیس-از-فیفا-حکم-گرفت,10
https://www.hamshahrionline.ir/news/505009/تصمیم-عجیب-دنی-آلوس-خداحافظی-در-کشور-دشمن-دیرینه,10
https://www.hamshahrionline.ir/news/505056/توقف-قطار-ویژه-در-ایستگاه-اقامتگاه-رهبر-کره-شمالی-احتمال-انجام,11
https://www.hamshahrionline.ir/news/504868/هنرمند-ترکیه-ای-بعد-از-۲۹۷-روز-اعتصاب-غذا-درگذشت,9
https://www.hamshahrionline.ir/news/505074/ایران-در-مرحله-رسیدن-به-قله-کرونا-قرار-دارد-کرونا-در-برخی-استان-ها,3
https://www.hamshahrionline.ir/news/504701/شروع-تابستان-پایان-ماجرای-کروناویروس-است,9
https://www.hamshahrionline.ir/news/505069/تهران-بارانی-و-سرد-می-شود-برف-در-۴-استان-کشور,36
https://www.hamshahrionline.ir/news/504743/حراج-لباس-ملکه-می-گردنبند-آنکات-جمز-و-پری-دریایی-برای-کرونا,9
https://www.hamshahrionline.ir/news/505163/زمان-اجباری-شدن-ماسک-در-اتوبوس-و-مترو-از-زبان-رئیس-جمهور,44
https://www.hamshahrionline.ir/news/505154/اظهارات-مهم-روحانی-تکلیف-بازگشایی-اماکن-مذهبی-و-نماز-جمعه-مشخص,23
https://www.hamshahrionline.ir/news/505139/جزئیات-فروش-سهام-باقی-مانده-دولت-در-۵-بانک-و-بیمه-کد-بورسی,6
https://www.hamshahrionline.ir/news/505130/روایت-مشاور-روحانی-از-سخت-ترین-جلسه-ستاد-ملی-کرونا,3
https://www.hamshahrionline.ir/news/505126/آخرین-وضعیت-جوی-کشور-از-بارش-باران-تا-خیزش-گرد-و-خاک-وضعیت,36
https://www.hamshahrionline.ir/news/505162/نیکفر-رقم-قرارداد-قلعه-نویی-کذب-است-سازمان-لیگ-آماده-باش-داده,17
https://www.hamshahrionline.ir/news/505147/فروش-100-هزار-ماسک-بایرن-مونیخ-برای-دیدار-برابر-چلسی,44
https://www.hamshahrionline.ir/news/505123/بشار-رسن-نامزد-بهترین-لژیونر-فوتبال-عراق,10
https://www.hamshahrionline.ir/news/505137/اسطوره-دنیای-بوکس-در-۵۴-سالگی-به-رینگ-برمیگردد,9
https://www.hamshahrionline.ir/news/505125/شوخی-بدموقع-بازیکن-یوونتوس-او-را-به-عذرخواهی-وا-داشت,10
https://www.hamshahrionline.ir/news/505122/ایوانکا-ترامپ-کره-شمالی-را-بیشتر-بشناسید-درس-خوانده-سوئیس,11
https://www.hamshahrionline.ir/news/505063/شرایط-روزه-داری-بیماران-دیابتی-در-روزهای-کرونایی,4
https://www.hamshahrionline.ir/news/505086/علت-سردرد-روزهای-اول-روزه-داری-یک-توصیه-پزشکی,4
https://www.hamshahrionline.ir/news/505170/نحوه-تقسیم-بندی-کرونایی-کشور-به-مناطق-قرمز-زرد-و-سفید,23
https://www.hamshahrionline.ir/news/504980/مرگ-آمپارو-داویا-ملکه-ادبیات-فانتزی-آمریکای-لاتین,9
https://www.hamshahrionline.ir/news/505185/مرگ-بازیگر-ارباب-حلقه-ها-و-پیانو-در-۸۹-سالگی,9
https://www.hamshahrionline.ir/news/505169/گفتگو-با-شهردار-شهر-بدون-کرونا-در-برنامه-رمضانی-مکث,4
https://www.hamshahrionline.ir/news/505186/مجلس-دهم-و-دولت-یازدهم-به-کتک-خوردن-از-سایر-نهادها-عادت-دارند,19
https://www.hamshahrionline.ir/news/505223/پرداخت-حقوق-از-خرداد-ماه-مشروط-می-شود,0
https://www.hamshahrionline.ir/news/505209/۹۰-درصد-شرکت-هایی-که-ارز-۴۲۰۰-تومانی-گرفتند-تازه-تاسیس-و-فاقد,9
https://www.hamshahrionline.ir/news/505198/درخواست-وزیر-خارجه-آمریکا-از-اتحادیه-اروپا-علیه-ایران,3
https://www.hamshahrionline.ir/news/505206/فیلم-شباهت-کرونا-و-آمریکا-به-روایت-روحانی,9
https://www.hamshahrionline.ir/news/505136/تداوم-هوای-مطلوب-در-پایتخت,27
https://www.hamshahrionline.ir/news/505182/قشم-چشم-انتظار-سه-هزار-بچه-لاک-پشت-پوزه-عقابی,10
https://www.hamshahrionline.ir/news/505066/تغییر-روند-اقلیمی-ایران-به-سمت-اقلیم-بارشی-تا-سال-۱۴۳۰,36
https://www.hamshahrionline.ir/news/505226/دادکان-مشکل-ورزش-ایران-گدازاده-ها-هستند-نه-آقازاده-ها,9
https://www.hamshahrionline.ir/news/505159/پرونده-محو-شدگان-فوتبال-ایران-شورتی-که-آرزوهای-بزرگ-را-به-باد,10
https://www.hamshahrionline.ir/news/505162/نیکفر-رقم-قرارداد-قلعه-نویی-کذب-است-سازمان-لیگ-آماده-باش-داد,17
https://www.hamshahrionline.ir/news/505147/فروش-۱۰۰-هزار-ماسک-بایرن-مونیخ-برای-دیدار-برابر-چلسی,44
https://www.hamshahrionline.ir/news/505243/دلار-۱۰۰-تومان-گران-شد-جدیدترین-نرخ-ارزها,46
https://www.hamshahrionline.ir/news/503710/مارگارت-اتوود-ماندن-در-خانه-زندگی-دیستوپیایی-نیست-دفع-سنجاب-ها,4
https://www.hamshahrionline.ir/news/505242/معرفی-آنلاین-بهترین-های-سینمای-آلمان-هشت-جایزه-لولا-برای-ضد,42
https://www.hamshahrionline.ir/news/505218/انیمیشن-سازان-با-کووید-۱۹-ثانیه-آمدند,42
https://www.hamshahrionline.ir/news/505180/خشکی-زاینده-رود-سیمین-را-به-جشنواره-ایتالیایی-رساند,42
https://www.hamshahrionline.ir/news/505194/عکس-اقدام-دیدنی-سوئیس-در-حمایت-از-مردم-ایران-برای-مبارزه-با,3
https://www.hamshahrionline.ir/news/505230/اولین-اظهارات-کیم-جونگ-اون-پس-از-انتشار-شایعاتی-درباره-مرگ-او,11
https://www.hamshahrionline.ir/news/505263/نامه-اردشیر-زاهدی-به-ترامپ-درباره-حمله-نظامی-به-ایران,3
https://www.hamshahrionline.ir/news/505258/دو-باشگاه-لیگ-برتری-محکوم-شدند,10
https://www.hamshahrionline.ir/news/505270/عکس-تبریک-دختر-عابدزاده-برای-تولد-بچه-عقاب,10
https://www.hamshahrionline.ir/news/505275/اقدام-عجیب-صداوسیما-غش-به-سمت-سپاهان-در-آستانه-صدور-رای,10
https://www.hamshahrionline.ir/news/505159/پرونده-محو-شدگان-فوتبال-ایران-شورت-و-شلوار-جنجالی,10
https://www.hamshahrionline.ir/news/505271/جزئیات-و-زمان-واگذاری-۲-درصد-سهام-شستا-در-بورس,6
https://www.hamshahrionline.ir/news/505276/فیلم-وضعیت-سفرهای-هوایی-بعد-از-کرونا,9
https://www.hamshahrionline.ir/news/505248/بورس-همچنان-می-تازد-نزدیک-شدن-شاخص-کل-به-مرز-۸۰۰-هزار-واحد,6
https://www.hamshahrionline.ir/news/505106/توصیه-های-تغذیه-ای-برای-روزه-اولی-ها,4
https://www.hamshahrionline.ir/news/505287/اینفوگرافیک-مقابله-با-بوی-بد-دهان-در-روزه-داری,43
https://www.hamshahrionline.ir/news/505205/تأثیر-روزه-داری-در-عملکرد-ریه-ها,4
https://www.hamshahrionline.ir/news/504994/کاربران-ایرانی-در-ایام-قرنطینه-چه-می-کردند-اپلیکیشن-های-درمانی,9
https://www.hamshahrionline.ir/news/505019/اختلال-گوارشی-در-روزه-داری-نتیجه-خوردن-چه-غذاهایی-است,9
https://www.hamshahrionline.ir/news/505171/لنز-هوشمندی-که-به-کمک-دیابتی-ها-آمد,9
https://www.hamshahrionline.ir/news/505145/اینفوگرافیک-اصول-تغذیه-ماه-رمضان-در-شرایط-کرونا,9
https://www.hamshahrionline.ir/news/505256/چرا-در-وعده-سحر-نباید-شیرینی-بخوریم-راهکارهایی-برای-جلوگیری,4
https://www.hamshahrionline.ir/news/505292/جدیدترین-آمار-مبتلایان-و-فوتی-های-کرونا-در-ایران-تعداد-بیماران,9
https://www.hamshahrionline.ir/news/505286/فیلم-ابتکار-جالب-یک-فروشگاه-برای-جلوگیری-از-انتقال-کرونا,9
https://www.hamshahrionline.ir/news/505238/اطلاع-نگاشت-هنگام-رفتن-به-داروخانه-این-نکات-را-رعایت-کنید,9
https://www.hamshahrionline.ir/news/505257/هجوم-مردم-به-طلافروشی-ها-برای-فروش-و-مشاجره-با-طلافروشان-پولی,9
https://www.hamshahrionline.ir/news/505269/نشانه-های-کووید-۱۹-در-کودکان,9
https://www.hamshahrionline.ir/news/505283/۷-تا-۱۰-اردیبهشت-معرفی-فیلم-های-شبکه-های-مختلف-سیما,42
https://www.hamshahrionline.ir/news/505232/فصل-سوم-نون-خ-تولید-می-شود,33
https://www.hamshahrionline.ir/news/505330/روز-پرکار-ظریف-جزئیات-رایزنی-های-دیپلیماتیک-وزیر-خارجه-گفت-وگو,3
https://www.hamshahrionline.ir/news/505225/خبری-که-رادیوی-کره-شمالی-از-کیم-جونگ-اون-منتشر-کرد,11
https://www.hamshahrionline.ir/news/505326/بهبودی-حال-لاریجانی-پس-از-ابتلا-به-کرونا-لاریجانی-هفته-آینده,19
https://www.hamshahrionline.ir/news/505140/ذوالفقارنسب-نهادهای-نظارتی-به-حرف-های-مالک-تراکتورسازی-ورود,10
https://www.hamshahrionline.ir/news/505302/مشترکان-تهرانی-کارکرد-کنتورهای-برق-خود-را-ثبت-کنند,9
https://www.hamshahrionline.ir/news/505212/نرخ-سود-تسهیلات-هم-کم-می-شود,2
https://www.hamshahrionline.ir/news/505325/فیلم-شلوغی-و-سردرگمی-مردم-در-مرکز-تعویض-پلاک,9
https://www.hamshahrionline.ir/news/505304/بازگشایی-اماکن-مذهبی-در-مناطق-سفید-کرونا,23
https://www.hamshahrionline.ir/news/505157/تجربه-عجیب-یک-تولد-در-بحران-کرونا,9
https://www.hamshahrionline.ir/news/505340/یک-مقام-پارلمان-آلمان-خواستار-توافق-جدیدی-با-ایران-شد,3
https://www.hamshahrionline.ir/news/505346/سناتور-آمریکایی-تا-حد-زیادی-مطمئنم-کیم-جونگ-اون-مرده-است,11
https://www.hamshahrionline.ir/news/505335/جزیره-سرگردانی-در-برابر-سازمان-هدفمندی-یارانه-ها,9
https://www.hamshahrionline.ir/news/505336/هزینه-اقتصادی-قرنطینه-چقدر-است,9
https://www.hamshahrionline.ir/news/505342/زیان-هزار-و-۵۰۰-میلیارد-تومانی-آژانس-های-مسافرتی,9
https://www.hamshahrionline.ir/news/505339/فاصله-۳-برابری-قیمت-الکل-و-ژل-از-تولید-تا-مصرف,9
https://www.hamshahrionline.ir/news/505350/اینفوگرافیک-حادثه-چرنوبیل-در-یک-نگاه,42
https://www.hamshahrionline.ir/news/505352/عکس-روز-فراسوی-بحران-کرونا,9
https://www.hamshahrionline.ir/news/505344/عکس-روز-فستیوال-آوریل-در-قرنطینه,9
https://www.hamshahrionline.ir/news/505355/ابتلا-به-ویروس-کرونا-باعث-ایمنی-می-شود-یا-نه,9
https://www.hamshahrionline.ir/photo/505351/تصاویر-یک-یادبود-متفاوت-در-آستانه-اشرفیه-کاشت-نهال-به-یاد,1
https://www.hamshahrionline.ir/news/505356/جزئیات-و-زمان-نخستین-پیش-فروش-ایران-خودرو-در-سال-۹۹,15
https://www.hamshahrionline.ir/news/505305/فیلم-نامه-صمیمانه-علی-کریمی-به-آرات-با-صدای-مجید-وارث,9
https://www.hamshahrionline.ir/news/505333/همه-گزینه-های-روی-میز-در-بازار-ارز-ارز-دوباره-گران-می-شود,2
https://www.hamshahrionline.ir/news/505345/کارت-سوخت-خود-را-به-این-روش-ضدعفونی-کنید,9
https://www.hamshahrionline.ir/news/505331/بازگشایی-اماکن-مذهبی-در-۳۰۰-منطقه-سفید-کشور-مشاهده-علائم-جدید,23
https://www.hamshahrionline.ir/news/504123/تصاویر-لویی-ویتون-تجهیزات-ورزشی-لاکچری-وارد-بازار-می-کند,9
https://www.hamshahrionline.ir/news/505359/همشهری-آوا-پادکست-همیشه-فاصله-ای-هست-۷-اردیبهشت-۹۹-سهراب,9
https://www.hamshahrionline.ir/news/505343/همشهری-TV-مسابقه-در-قرنطینه-برای-روزهای-بدون-گالری,9
https://www.hamshahrionline.ir/news/505281/برد-پیت-یقه-ترامپ-را-گرفت,9
https://www.hamshahrionline.ir/news/505365/فیلم-خاکسپاری-آیت-الله-امینی-با-رعایت-فاصله-گذاری-هوشمند-اجتماعی,1
https://www.hamshahrionline.ir/news/505285/چرا-امام-شخصا-آیت-الله-منتظری-را-عزل-کرد-جزئیات-نامه۶-فروردین,1
https://www.hamshahrionline.ir/news/505369/عکس-تصویر-پرچم-ایران-روی-کوه-ماترهورن-سوئیس,3
https://www.hamshahrionline.ir/news/505078/اولین-کمک-مالی-فیفا-از-۱۲-اردیبهشت-در-حساب-فدراسیون-ها,10
https://www.hamshahrionline.ir/news/505332/تجارت-خارجی-در-بن-بست-مرزی,3
https://www.hamshahrionline.ir/news/505334/فروش-اصناف-زیر-تیغ-کرونا,9
https://www.hamshahrionline.ir/news/505328/سرنوشت-جوجه-ها-در-انتظار-مرغ-هاست,9
https://www.hamshahrionline.ir/news/505363/فیلم-تظاهرات-بر-ضد-قرنطینه-در-برلین,9
https://www.hamshahrionline.ir/news/505355/بیانیه-بحث-برانگیز-سازمان-جهانی-بهداشت-ابتلا-به-ویروس-کرونا,9
https://www.hamshahrionline.ir/news/505313/دفتر-عباس-تبریزیان-کسی-که-ادرار-شتر-نوشید-از-ما-نبود-با-مدفوع,9
https://www.hamshahrionline.ir/news/505320/تازه-واردهای-بازار-سرمایه-بخوانند-توصیه-رئیس-جدید-سازمان-بورس,6
https://www.hamshahrionline.ir/news/505349/ماسک-پوست-مار-محصولی-جدید-برای-جلوگیری-از-ابتلا-به-کرونا,9
https://www.hamshahrionline.ir/news/505366/عصبانیت-مهران-احمدی-از-سانسور-حرف-هایش-در-دورهمی,9
https://www.hamshahrionline.ir/news/505364/عکس-نوزاد-۸۰۰-گرمی-یزدی-کرونا-را-شکست-داد,9
https://www.hamshahrionline.ir/news/505290/نکات-تغذیه-ای-در-ایام-روزه-داری-برای-جلوگیری-از-ابتلا-به-کرونا,4
https://www.hamshahrionline.ir/news/504988/همه-چیز-درباره-یکی-از-معروف-ترین-کودکان-دنیا-آرات-نابغه-یا,9
https://www.hamshahrionline.ir/news/505341/راهکار-استفاده-از-اسکناس-در-روزهای-کرونایی,9
https://www.hamshahrionline.ir/news/505379/استان-های-وضعیت-سفید-توضیحات-مهم-درباره-مناطق-سفید-ایران,23
https://www.hamshahrionline.ir/news/504975/چرا-مصدق-مخالف-شاه-شدن-رضاخان-بود,9
https://www.hamshahrionline.ir/news/505381/اعلام-جنگ-بازیکنان-استقلال-علیه-سعادتمند-جناب-وزیر-از-بی-کفایتی,10
https://www.hamshahrionline.ir/news/505374/بشار-رسن-استقلال-هرگز-اما-شاید-به-سپاهان-رفتم,10
https://www.hamshahrionline.ir/news/505370/دادرس-ممکن-است-در-اعلام-رای-اشتباه-کنیم,10
https://www.hamshahrionline.ir/news/505361/سکه-ارزان-و-دلار-و-یورو-گران-شدند-جدیدترین-نرخ-سکه-و-ارز,31
https://www.hamshahrionline.ir/news/505352/عکس-روز-فراسوی-بحران-کرونا,9
https://www.hamshahrionline.ir/news/505378/زالی-کنترل-نسبی-کرونا-با-تراکم-جمعیت-و-ترددهای-غیرضروری-دستخوش,9
https://www.hamshahrionline.ir/news/505377/رامبد-جوان-هم-راضی-به-اکران-آنلاین-فیلم-جدیدش-شد,42
https://www.hamshahrionline.ir/news/505376/رژیم-روزه-داری-متناوب-چطور-گرفته-می-شود,4
https://www.hamshahrionline.ir/news/505309/فیلم-دعای-یک-روحانی-مقابل-دوربین-برای-سلامتی-شجریان,9
https://www.hamshahrionline.ir/news/505371/اسامی-۱۲۷-شهرستان-بدون-فوتی-کرونا-در-دو-هفته-اخیر-این-شهرستان-ها,23
https://www.hamshahrionline.ir/news/505214/نتفلیکس-آثار-کیارستمی-را-اکران-می-کند,42
https://www.hamshahrionline.ir/news/505385/عکس-تمجید-پودولسکی-از-علی-کریمی-در-اینستاگرام,42
https://www.hamshahrionline.ir/news/505381/اعلام-جنگ-بازیکنان-استقلال-علیه-سعادتمند-از-بی-کفایتی-مدیرعامل,10
https://www.hamshahrionline.ir/news/505382/گمانه-زنی-رسمی-مقام-های-ارشد-کره-جنوبی-کیم-زنده-و-سرحال-است,11
https://www.hamshahrionline.ir/news/505383/شمار-کاربران-تلگرام-از-۴۰۰-میلیون-گذشت-تماس-ویدئویی-ایمن-به,9
https://www.hamshahrionline.ir/news/505391/جزئیات-فروش-۲-میلیون-تومان-سهام-به-هر-کد-ملی-با-۲۰-درصد-تخفیف,6
https://www.hamshahrionline.ir/news/505396/جزئیات-عرضه-سهام-شرکت-های-دولتی-در-بورس-امکان-مشارکت-با-کد,6
https://www.hamshahrionline.ir/news/505404/یار-غار-احمدی-نژاد-از-م-ز-تا-سردار-کارآفرینی-ماجرای-پژوی,7
https://www.hamshahrionline.ir/news/505401/گزینه-های-احمدی-نژادی-ریاست-مجلس-مشخص-شدند,7
https://www.hamshahrionline.ir/news/505388/نماینده-ترامپ-ایران-ناامید-شده-است,3
https://www.hamshahrionline.ir/news/505415/عکس-حکمی-که-کمیته-استیناف-برای-دیدار-جنجالی-اعلام-خواهد-کرد,10
https://www.hamshahrionline.ir/news/505406/بحران-نفت-به-مرحله-تعطیلی-تولید-رسید,40
https://www.hamshahrionline.ir/news/505414/آینده-خوبی-پیش-روی-بازار-مسکن-نیست,8
https://www.hamshahrionline.ir/news/505421/آمریکا-علیه-ایران-چه-در-سر-دارد-نیویورک-تایمز-حیله-آمریکا,3
https://www.hamshahrionline.ir/news/505426/انتشار-دومین-نامه-رهبر-کره-شمالی-در-اوج-شایعات,11
https://www.hamshahrionline.ir/news/505413/آمریکا-معافیت-عراق-برای-خرید-برق-از-ایران-را-۳۰-روز-دیگر-تمدید,3
https://www.hamshahrionline.ir/news/505418/نیروی-زمینی-سپاه-اولین-مشتری-پهپاد-فطرس-نسل-جدید-مهاجر۶,1
https://www.hamshahrionline.ir/news/505407/ساز-جدایی-معاون-دولت-احمدی-نژاد-ریاست-مجلس-یازدهم-صحنه-جدال,7
https://www.hamshahrionline.ir/news/505405/انتقادات-یک-بازمانده-یامین-پور-مهمانان-جهان-آرا-با-تجویز,42
https://www.hamshahrionline.ir/news/505402/اصولگرایی-علیه-رائفی-پور-حامیان-رائفی-پور-با-کد-دفتر-ولایتی,28
https://www.hamshahrionline.ir/news/505404/یار-غار-احمدی-نژاد-از-م-ز-تا-سردار-کارآفرینی-ماجرای-پژوی,7
https://www.hamshahrionline.ir/news/505401/گزینه-های-احمدی-نژادی-ریاست-مجلس,7
https://www.hamshahrionline.ir/news/505388/تلاش-نماینده-ترامپ-برای-ناامید-نشان-دادن-ایران,3
https://www.hamshahrionline.ir/news/505415/عکس-حکمی-که-کمیته-استیناف-برای-دیدار-جنجالی-اعلام-خواهد-کرد,10
https://www.hamshahrionline.ir/news/505436/جدول-۱۲۷-شهرستان-سفید-ایران-وضعیت-کرونایی-شهرستان-ها-هر-چهار,23
https://www.hamshahrionline.ir/photo/505392/رازی-که-کامرون-دیاز-درباره-لباس-هایش-لو-داد-چند-مدل-از-لباس-های,9
https://www.hamshahrionline.ir/news/505387/آخرین-آمار-رسمی-کرونا-در-ایران-و-جهان-ووهان-دیگر-کرونایی-ندارد,24
https://www.hamshahrionline.ir/news/505284/مواد-غذایی-تاریخ-گذشته-قابل-استفاده-اند-تاریخ-انقضای-مواد,9
https://www.hamshahrionline.ir/news/505408/جدول-کجای-تهران-با-یک-میلیارد-می-توان-خانه-خرید,8
https://www.hamshahrionline.ir/news/505375/چگونه-وارد-بورس-شویم-راهنمای-ورود-به-بازار-سرمایه,6
https://www.hamshahrionline.ir/news/505473/اردشیر-زاهدی-در-بی-بی-سی-من-به-قاسم-سلیمانی-افتخار-می-کنم,20
https://www.hamshahrionline.ir/news/505398/سرنوشت-اصلاح-طلبان-چه-می-شود-پیامدهای-استعفای-موسوی-لاری,38
https://www.hamshahrionline.ir/news/505410/خطر-فقر-در-کمین-تهرانی-ها-۶۴-درصد-ساکنان-پایتخت-از-نظر-اقتصادی,9
https://www.hamshahrionline.ir/news/505411/احتمال-کسری-۱۵۰-هزار-میلیاردی-بودجه,9
https://www.hamshahrionline.ir/news/505469/فروش-پیراهن-مارادونا-برای-مبارزه-با-کرونا-در-ناپل,9
https://www.hamshahrionline.ir/news/505490/لاتزیو-وارد-رابطه-ناپولی-و-سردارآزمون-می-شود,10
https://www.hamshahrionline.ir/news/505452/آنتورپ-در-یک-صورت-به-پرسپولیس-پول-می-دهد,10
https://www.hamshahrionline.ir/news/505446/عکس-مجسمه-بیرانوند-در-کمیته-ملی-المپیک-نصب-شد,9
https://www.hamshahrionline.ir/photo/505472/رده-بندی-کشورهای-اصلی-درگیر-کرونا-آمار-تلفات-جایگاه-و-آمارهای,24
https://www.hamshahrionline.ir/news/505448/مردی-که-به-خاطر-بی-پولی-گلوی-همسرش-را-برید,9
https://www.hamshahrionline.ir/news/505468/آخرین-آمار-قربانیان-و-مبتلایان-کرونا-در-کشورهای-عربی-وضعیت,9
https://www.hamshahrionline.ir/news/505465/ارزان-ترین-بنزین-دنیا-گران-ترین-شد,9
https://www.hamshahrionline.ir/news/505436/جدول-۱۲۷-شهرستان-سفید-ایران-وضعیت-کرونایی-شهرستان-ها-چهار-روز,23
https://www.hamshahrionline.ir/news/505307/چیزهای-تیز-و-خبرنگاری-که-راز-قتل-دختربچه-ها-را-فاش-می-کند,9
https://www.hamshahrionline.ir/news/505561/رئیسی-دیوان-محاسبات-از-گزارش-تفریغ-بودجه-۹۷-برنگشته-است-پرونده-های,21
https://www.hamshahrionline.ir/news/505540/هنگامه-شهیدی-به-زندان-برگشت-مرخصی-کرونایی-این-زندانی-تمدید,20
https://www.hamshahrionline.ir/news/505551/نامه-نگاری-برخی-ایرانیان-مقیم-آمریکا-برای-بمباران-و-حمله-نظامی,3
https://www.hamshahrionline.ir/news/505543/تنش-بین-ایران-و-آمریکا-دشمنی-این-دو-بی-بدیل-است-باید-هر-لحظه,12
https://www.hamshahrionline.ir/news/505519/کل-کشور-پایان-هفته-بارانی-دارد-جز-دو-استان,36
https://www.hamshahrionline.ir/news/505505/کاهش-کیفیت-هوا-در-مناطق-پرتردد-پایتخت,27
https://www.hamshahrionline.ir/news/505555/جلالی-لیگ-تعطیل-شود-چه-کسی-مسئولیت-تصمیمات-سخت-را-به-عهده-می-گیرد,37
https://www.hamshahrionline.ir/news/505526/تماس-کلوپ-با-پدر-امباپه-برای-پیوستن-وی-به-لیورپول,10
https://www.hamshahrionline.ir/news/505539/دولت-بریتانیا-خواستار-بازگرداندن-فوتبال-برای-کاهش-استرس-جامعه,10
https://www.hamshahrionline.ir/news/505554/ماجرای-کشف-آثار-باستانی-ایران-در-صندوق-امانات-یک-بانک-اروپایی,9
https://www.hamshahrionline.ir/news/505547/پاسخ-مزدک-میرزایی-به-شایعه-اختلافش-با-عادل-فردوسی-پور,42
https://www.hamshahrionline.ir/news/505485/واکسن-کرونای-آکسفورد-تا-۳-هفته-دیگر-به-تولید-انبوه-می-رسد,32
https://www.hamshahrionline.ir/news/505470/حسینی-و-تهرانی-در-یک-قاب-بی-همه-چیز-کلید-می-خورد,9
https://www.hamshahrionline.ir/news/505506/اجاره-بهای-اماکن-فرهنگی-بخشیده-شد,14
https://www.hamshahrionline.ir/news/505614/واکنش-تند-وزارت-خارجه-به-دوره-فعالیت-پمپئو,3
https://www.hamshahrionline.ir/news/505611/۲۵-نفر-از-کارکنان-و-مدیران-بانک-مرکزی-تحت-تعقیب-قرار-گرفتند,2
https://www.hamshahrionline.ir/news/505604/واکنش-آیت-الله-رئیسی-به-حواشی-گزارش-دیوان-محاسبات-تردید-یا,21
https://www.hamshahrionline.ir/news/505559/توکلی-در-شهرداری-قالیباف-تخلف-شد-به-شورای-نگهبان-نامه-نوشتم,9
https://www.hamshahrionline.ir/news/505572/هشدار-خطر-آتش-سوزی-در-پی-بارش-ها-محیط-زیست-به-محیط-بانان-آماده-باش,16
https://www.hamshahrionline.ir/news/505595/شرایط-جدید-در-پرونده-تعلیق-جودو-ایران,10
https://www.hamshahrionline.ir/news/505500/استقبال-جالب-محمد-صلاح-از-ماه-مبارک-رمضان,4
https://www.hamshahrionline.ir/news/505517/حمایت-مارادونا-از-رونالدینیو-او-مجرم-نیست,10
https://www.hamshahrionline.ir/news/505606/۵۱۳۰۰-قطعه-بزرگ-ترین-جورچین-تاریخ-برای-روزهای-قرنطینه-و-کرونا,9
https://www.hamshahrionline.ir/news/505577/سه-میلیون-و-۸۰۰-هزار-دقیقه-تماشای-جوجه-تیغی-روایت-جان-سختی,42
https://www.hamshahrionline.ir/news/505576/حضور-سرزده-الاغ-و-اسب-در-گفتگوی-کرونایی-آرنولد,9
https://www.hamshahrionline.ir/news/505623/توئیت-تند-مهاجری-و-لایک-ابتکار-انقلابی-ترین-آدمتان-احمدی-نژاد,9
https://www.hamshahrionline.ir/news/505540/هنگامه-شهیدی-به-زندان-برگشت-مرخصی-کرونایی-تمدید-نشد,20
https://www.hamshahrionline.ir/news/505662/حملات-ادامه-دار-استقلالی-ها-به-سعادتمند-فرهاد-فرمانده-در,10
https://www.hamshahrionline.ir/news/505659/سرقت-از-منزل-چهره-نامدار-کشتی-۴-مدال-طلای-جهانی-را-دزدیدند,9
https://www.hamshahrionline.ir/news/505652/عکس-تنها-بازیکن-ایرانی-که-مارادونا-را-شکست-داد,10
https://www.hamshahrionline.ir/news/505622/مهدی-منتظر-اعلام-تصمیم-ستاد-ملی-مبارزه-با-کرونا-هستیم,14
https://www.hamshahrionline.ir/news/505636/مقاومت-شدید-دلار-جدیدترین-نرخ-ارزها,46
https://www.hamshahrionline.ir/news/505638/۶۲۰۰-بیمار-کرونا-در-یک-روز-روسیه-از-چین-پیش-افتاد-نرخ-اندک,3
https://www.hamshahrionline.ir/news/505667/جزئیات-پیش-فروش-۵-محصول-ایران-خودرو-آغاز-از-فردا,15
https://www.hamshahrionline.ir/news/505646/ثبت-رکورد-جدید-در-تاریخ-بورس-تهران-ورود-شاخص-کل-به-کانال-۸۰۰,6
https://www.hamshahrionline.ir/news/505640/جدیدترین-آمار-کرونا-در-کشور-فوتی-ها-دوباره-زیاد-شدند-وضعیت,9
https://www.hamshahrionline.ir/news/505629/۱۱۶-شهرستان-در-وضعیت-سفید-کرونا-شرایط-استان-های-جنوبی-و-وضعیت,23
https://www.hamshahrionline.ir/news/505436/جدول-۱۲۷-شهرستان-سفید-ایران-وضعیت-کرونایی-شهرستان-ها-چهار-روز,23
https://www.hamshahrionline.ir/news/505669/ورود-گردشگر-به-ایتالیا-تا-پایان-سال-ممنوع-است,9
https://www.hamshahrionline.ir/news/505737/وزارت-علوم-مدرک-تحصیلی-منتخب-مجلس-یازدهم-را-تایید-نکرد-انتخابات,19
https://www.hamshahrionline.ir/news/505674/در-جست-وجوی-کیم-گمانه-زنی-اندیشکده-های-غربی-درباره-وضعیت-قدرت,11
https://www.hamshahrionline.ir/news/505645/تخریبچی-سابق-در-سودای-ریاست-قالیباف-و-همه-تناقض-های-عجیبش,9
https://www.hamshahrionline.ir/news/505687/توئیت-عاشقانه-دونالد-ترامپ-برای-تولد-۵۰-سالگی-ملانیا,9
https://www.hamshahrionline.ir/news/505689/حرم-امام-رضا-ع-و-حضرت-معصومه-س-نیمه-دوم-ماه-رمضان-بازگشایی,14
https://www.hamshahrionline.ir/news/505681/خونریزی-شدید-مالی-در-ایرباس-کاهش-سفارش-ها-و-خطر-اخراج-هزاران,9
https://www.hamshahrionline.ir/news/505651/فیلم-پرسه-موجودات-فضایی-در-نزدیکی-انسان-خبرساز-شد,9
https://www.hamshahrionline.ir/news/505445/چگونگی-غلبه-بر-مشکلات-و-علائم-رایج-در-روزه-داری,4
https://www.hamshahrionline.ir/news/505512/علل-بروز-عارضه-های-پوستی-در-برخی-مبتلایان-کرونا,9
https://www.hamshahrionline.ir/news/505484/کهیر-و-خارش-پوست-نشانه-کروناست,9
https://www.hamshahrionline.ir/news/505527/تشخیص-سریع-سرطان-با-حسگرهای-ساخته-شده-از-سوی-محققان-دانشگاهی,9
https://www.hamshahrionline.ir/news/505508/وزش-باد-شدید-خطر-انتشار-کروناویروس-را-افزایش-می-دهد,9
https://www.hamshahrionline.ir/news/505617/آزمایش-داروی-معده-برای-درمان-کرونا-در-آمریکا,25
https://www.hamshahrionline.ir/news/505672/نتیجه-مثبت-دارویی-که-از-پیشروی-ویروس-کرونا-در-بدن-جلوگیری-می-کند,9
https://www.hamshahrionline.ir/news/505727/۶۰-شهرستان-در-وضعیت-قرمز-کرونا-مراکز-استان-قرمزند-اصلا-وضعیت,23
https://www.hamshahrionline.ir/news/505675/فیلم-ضربه-فنی-دختر-ووشوکار-در-قرنطینه,9
https://www.hamshahrionline.ir/news/505631/این-مواد-غذایی-خون-شما-را-کم-می-کند,9
https://www.hamshahrionline.ir/news/505658/این-توصیه-های-تغذیه-ای-را-در-ماه-رمضان-حتما-جدی-بگیرید,4
https://www.hamshahrionline.ir/news/505688/روزگار-کرونایی-عمو-پورنگ-بچه-محل-با-سینمایی-ها-می-آید,42
https://www.hamshahrionline.ir/news/505677/حضور-چهره-های-سینمایی-در-مستند-دلاوران-سفیدپوش,42
https://www.hamshahrionline.ir/news/505756/هشدار-ستاد-کل-نیروهای-مسلح-به-آمریکا-و-متحدانش-هرگونه-اقدام,3
https://www.hamshahrionline.ir/news/505744/فیلم-واکنش-کدخدایی-به-جعلی-بودن-مدرک-منتخب-مجلس-یازدهم-چرا,19
https://www.hamshahrionline.ir/news/505732/جزئیات-افزایش-حقوق-و-استخدام-کادر-درمان-اینترنت-رایگان-معلمان,6
https://www.hamshahrionline.ir/news/505739/واکنش-ظریف-به-سناریوی-جدید-آمریکایی-ها-رویاپردازی-را-متوقف,3
https://www.hamshahrionline.ir/news/505757/اولین-قانون-پساکرونایی-فیفا-۵-تعویض-در-هر-بازی,9
https://www.hamshahrionline.ir/news/505753/همشهری-TV-انتقال-کرونا-از-طریق-باد-شدید,9
https://www.hamshahrionline.ir/news/505755/عاشقی-در-خرمشهر-قتل-در-تهران-مرد-جوان-چه-بلایی-سر-دوست-خائنش,9
https://www.hamshahrionline.ir/news/505748/جزئیات-شرایط-بی-سابقه-بازار-طلا-طلاهای-مردم-را-نمی-خرند-سکه,31
https://www.hamshahrionline.ir/news/505752/پخش-آنلاین-۱۱-هزار-کیلومتر-در-خانه-سفر-به-میراث-جهانی,9
https://www.hamshahrionline.ir/news/505754/سینماهای-آمریکا-تا-تابستان-بسته-می-مانند,42
https://www.hamshahrionline.ir/news/505781/نامه-علی-مطهری-به-رئیسی-درباره-حکم-حبس-محمود-صادقی,47
https://www.hamshahrionline.ir/news/505741/چین-از-کیم-جونگ-اون-خبر-دارد-چین-پکن-قربانی-اطلاعات-غلط-کرونایی,3
https://www.hamshahrionline.ir/news/505777/بازداشت-مدیر-ارشد-یکی-از-کلانشهرهای-کشور-توسط-اطلاعات-سپاه,1
https://www.hamshahrionline.ir/news/505709/فیلمی-تازه-منتشر-شده-از-تعقیب-بالگردهای-دشمن-توسط-شهید-شیرودی,9
https://www.hamshahrionline.ir/news/505751/حجم-آب-دریاچه-ارومیه-به-۵-میلیارد-مترمکعب-رسید,34
https://www.hamshahrionline.ir/news/505776/خلیلیان-۱۵-اردیبهشت-فوتبال-بازگشایی-نمی-شود,10
https://www.hamshahrionline.ir/news/505771/رای-دیدار-سپاهان-و-پرسپولیس-از-سوی-کمیته-استیناف-اعلام-شد,10
https://www.hamshahrionline.ir/news/505695/کاسبی-سالن-های-زیبایی-غیرمجاز-رونق-گرفت,14
https://www.hamshahrionline.ir/news/505686/محدودیت-فعالیت-صرافان-غیربانکی-دلیل-انتقاد-کانون-صرافان-از,2
https://www.hamshahrionline.ir/news/505704/برنامه-های-تنظیم-بازار-گوشت-و-مرغ-در-ماه-رمضان,9
https://www.hamshahrionline.ir/news/505702/توزیع-همه-برنج-های-وارداتی-در-بازار,4
https://www.hamshahrionline.ir/news/505759/آخر-هفته-توفانی-در-بازار-سهام,6
https://www.hamshahrionline.ir/news/505750/سقوط-قیمت-نفت-ذخایر-نفت-آمریکا-به-بالاترین-سطح-تاریخ-نزدیک,40
https://www.hamshahrionline.ir/news/505765/اخذ-عوارض-همه-آزادراه-ها-تا-پایان-سال-الکترونیکی-می-شود,9
https://www.hamshahrionline.ir/news/505767/جزئیات-وام-و-زمین-جهت-ساخت-۱۴۵-هزار-مسکن-در-بافت-های-فرسوده,9
https://www.hamshahrionline.ir/news/505762/پراید-۷۰-تا-۸۰-میلیون-فرمان-بازار-خودرو-در-دست-کیست-شارژ,15
https://www.hamshahrionline.ir/news/505766/توطئه-روسیه-برای-ترور-شهردار-پراگ-واکنش-پلیس-چک-و-تکذیب-کرملین,9
https://www.hamshahrionline.ir/news/505769/عکس-روز-قران-خوانی-در-صنعا,4
https://www.hamshahrionline.ir/news/505764/عکس-روز-آزادی-از-قرنطینه,9
https://www.hamshahrionline.ir/news/505778/مبارزه-واتس-اپ-با-انتشار-اطلاعات-نادرست-درباره-کرونا-وضع-محدودیت,9
https://www.hamshahrionline.ir/news/505710/سکه-۸۰-هزار-تومان-ارزان-شد-جدیدترین-قیمت-طلا-و-سکه,31
https://www.hamshahrionline.ir/news/505745/فیلم-هیجان-دو-سگ-پس-از-یک-ماه-جدایی,4
https://www.hamshahrionline.ir/news/505693/کجا-باید-ماسک-بزنیم,44
https://www.hamshahrionline.ir/news/505747/فیلم-پلیس-فرانسه-بیمار-روانی-را-با-پوزه-بند-کتک-می-زند,42
https://www.hamshahrionline.ir/news/505738/اماکن-مذهبی-بی-خطر-از-کرونا-در-تهران-بازگشایی-می-شود,14
https://www.hamshahrionline.ir/news/505772/۱۰-اشتباه-رایج-خانم-ها-در-آرایش-که-سنشان-را-بالا-می-برد,9
https://www.hamshahrionline.ir/news/505775/اینفوگرافیک-راهکارهایی-برای-مقابله-با-بوی-بد-دهان-در-روزه-داری,43
https://www.hamshahrionline.ir/news/505740/۱۰-خوراکی-ممنوع-در-زمان-مبارزه-با-بیماری-ویروسی,4
https://www.hamshahrionline.ir/news/505725/همشهری-TV-سیمین-دانشور-بانوی-داستان,10
https://www.hamshahrionline.ir/news/505773/حاشیه-های-تازه-بچه-مهندس-اسم-بازیگر-نقش-اول-در-تیتراژ-نیست,42
https://www.hamshahrionline.ir/news/505788/سه-گانه-بربری-حیات-برهنه-و-مؤذن-زاده-با-شجریان,9
https://www.hamshahrionline.ir/news/505768/هشدار-جدی-روحانی-به-مردم-کرونا-هر-آن-و-هرجا-ممکن-است-شعله-ور,23
https://www.hamshahrionline.ir/news/505403/پایان-ماجرای-نجومی-بگیران-یک-نماینده-کسی-نباید-بیشتر-از-۲۳,0
https://www.hamshahrionline.ir/news/505782/واکنش-ریچارد-هاس-به-طرح-برجامی-پمپئو-علیه-ایران,3
https://www.hamshahrionline.ir/news/505779/عکس-عیادت-سرپرست-فدراسیون-فوتبال-از-مهدی-تاج,10
https://www.hamshahrionline.ir/news/505785/فیفا-رسما-باشگاه-استقلال-را-تهدید-کرد,10
https://www.hamshahrionline.ir/news/505783/فرهاد-سلطان-اعتراضات-یواشکی-با-استوری,10
https://www.hamshahrionline.ir/news/505734/دنا-۱۸۵-میلیونی-شد-آخرین-قیمت-ها-در-بازار-خودرو,15
https://www.hamshahrionline.ir/news/505787/همشهری-آوا-پادکست-همیشه-فاصله-ای-هست-۸-اردیبهشت-۹۹-رعایت,9
https://www.hamshahrionline.ir/news/505720/همشهری-آوا-پادکست-هم-داستان-قسمت-هجدهم-کسی-که-از-سه-هزار,9
https://www.hamshahrionline.ir/news/505790/رئیس-جمهوری-چین-تا-پیروزی-بر-کرونا-در-کنار-ایران-هستیم,3
https://www.hamshahrionline.ir/news/505789/مهلت-چهار-روزه-برای-اجرای-مصوبه-الزام-استفاده-از-ماسک-در-حمل,44
https://www.hamshahrionline.ir/news/505788/سه-گانه-بربری-حیات-برهنه-و-مؤذن-زاده-با-شجریان,9
https://www.hamshahrionline.ir/news/505770/امسال-پرونده-مسکن-مهر-پردیس-بسته-می-شود,8
https://www.hamshahrionline.ir/news/505784/آلمان-ماسک-زدن-را-برای-جلوگیری-از-شیوع-کرونا-اجباری-می-کند,44
https://www.hamshahrionline.ir/news/505791/آب-شرب-تهران-به-کرونا-آلوده-است-واکنش-شرکت-آب-و-فاضلاب,34
https://www.hamshahrionline.ir/news/505719/پشت-صحنه-تکان-دهنده-سایت-های-شرط-بندی-چهره-هایی-که-سایت-شرط,9
https://www.hamshahrionline.ir/news/505722/فیلم-آخرین-وضعیت-رسیدگی-به-پرونده-قضایی-متهمان-ارزی,10
https://www.hamshahrionline.ir/news/505761/صادرات-بنزین-ایران-به-ونزوئلای-بحران-زده-واکنش-وزارت-نفت,9
https://www.hamshahrionline.ir/news/505799/فیلم-عذرخواهی-افشین-پیروانی-به-خاطر-دعوای-جنجالی-اش,10
https://www.hamshahrionline.ir/news/505795/صالحی-سپاهان-اراده-ای-برای-بازی-با-پرسپولیس-نداشت,10
https://www.hamshahrionline.ir/news/505792/فیلم-انتشار-رسمی-ویدئوهایی-از-اشیای-پرنده-ناشناس-بوسیله-پنتاگون,9
https://www.hamshahrionline.ir/news/505794/شمار-موارد-ثابت-شده-عفونت-کرونا-در-جهان-از-۳-میلیون-گذشت-واکسیناسیون,9
https://www.hamshahrionline.ir/news/505793/پژوهش-تازه-دانشمندان-درباره-کرونا-در-محیط-های-شلوغ-تقویت-فرضیه,9
https://www.hamshahrionline.ir/news/505578/روزه-برای-چه-کسانی-مفیدتر-است-روزه-داری-خوب-همراه-با-کاهش-وزن,4
https://www.hamshahrionline.ir/news/505814/نخستین-مورد-مرگ-کووید-۱۹-در-آمریکا-دچار-پارگی-قلب-شده-بود,9
https://www.hamshahrionline.ir/news/505819/تکاپوی-ضد-ایرانی-پمپئو-تماس-با-عمان-و-فرانسه-چه-موضوعاتی-علیه,3
https://www.hamshahrionline.ir/news/505818/توضیحات-همتی-درباره-تسهیل-خدمات-پرداخت-خرد-به-مردم,2
https://www.hamshahrionline.ir/news/505822/واکنش-صریح-نماینده-اعتدالی-به-میرسلیم,9
https://www.hamshahrionline.ir/news/505821/دستگیری-چند-کارمند-هواوی-به-اتهام-ارتباط-با-ایران,3
https://www.hamshahrionline.ir/news/505829/تصویر-کمتر-دیده-شده-رهبر-انقلاب-در-تشییع-فرمانده-معروف-سپاه,1
https://www.hamshahrionline.ir/news/505826/جزئیات-توطئه-آمریکایی-علیه-ایران-پمپئو-تحرکات-ویژه-خود-را-آغاز,3
https://www.hamshahrionline.ir/news/505804/رمزگشایی-از-سخنان-اردشیر-زاهدی-شتر-در-خواب-پنبه-دانه-یا-گربه,9
https://www.hamshahrionline.ir/news/505824/برخی-در-آزمون-کرونا-مردود-شدند-ما-واقعا-کرونا-را-از-جای-دیگری,10
https://www.hamshahrionline.ir/news/505808/واکنش-فرمانده-نیروی-فضایی-آمریکا-به-پرتاب-ماهواره-نظامی-سپاه,12
https://www.hamshahrionline.ir/news/505811/واکنش-به-تحرکات-آمریکا-در-خلیج-فارس-دست-از-پا-خطا-کنند-تبعات,3
https://www.hamshahrionline.ir/news/505825/حالا-پرسپولیس-علیپور-را-نمیخواهد,10
https://www.hamshahrionline.ir/news/505823/عادل-بالاخره-برای-تیم-محبوبش-مستند-ساخت,42
https://www.hamshahrionline.ir/news/505827/ترامپ-از-وضعیت-کیم-جونگ-اون-آگاهم-نمی-توانم-بگویم-مطلع-خواهید,11
https://www.hamshahrionline.ir/news/505803/نشانه-های-عصبی-کرونا-را-بشناسید,9
https://www.hamshahrionline.ir/news/505796/آخرین-آمار-رسمی-کرونا-در-ایران-و-جهان-روسیه-از-چین-پیشی-گرفت,24
https://www.hamshahrionline.ir/news/505835/زالی-استفاده-از-ماسک-در-مترو-ضروری-شد-پایانه-های-فروش-ماسک-با,44
https://www.hamshahrionline.ir/news/505807/ورود-هیجانی-مردم-به-سراب-سود-هشدارهای-کارشناسان-به-تازه-واردان,6
https://www.hamshahrionline.ir/news/505810/بورس-۳-میلیون-میلیاردی-شد-تسخیر-ابرکانال-۸۰۰-هزار-طولانی-ترین,6
https://www.hamshahrionline.ir/news/505830/ادعای-جدید-مهناز-افشار-یک-سال-پس-از-شهادت-طلبه-همدانی,9
https://www.hamshahrionline.ir/news/505815/عکس-یک-مربی-فوتبال-جایگزین-رهبر-کره-شمالی-شد,11
https://www.hamshahrionline.ir/news/505817/عامل-مرگ-نخستین-بیمار-مبتلا-به-به-کرونا-در-آمریکا-روشن-شد,9
https://www.hamshahrionline.ir/news/505805/سرنگونی-شاه-یا-اجرای-قانون-اساسی-روایت-احسان-طبری-از-اختلاف,9
https://www.hamshahrionline.ir/news/506175/مشکلات-اقتصادی-مردم-زیاد-است-غیرمتخصصان-صحبت-نکنند-اعتماد,9
https://www.hamshahrionline.ir/news/506173/عارف-استعفا-کرد,9
https://www.hamshahrionline.ir/news/506161/خاتمی-یا-عارف-کار-سیاسی-با-تعارف-نمی-شود-فرد-ناکارآمد-باید,9
https://www.hamshahrionline.ir/news/506142/جرئیات-مکالمه-مهم-ظریف-و-لاوروف-درباره-طرح-برجامی-آمریکا,3
https://www.hamshahrionline.ir/news/506154/زمان-برگزاری-دادگاه-محمدعلی-نجفی-اعلام-شد,10
https://www.hamshahrionline.ir/news/506148/کنایه-زیباکلام-به-مواضع-اخیر-اردشیر-زاهدی-شاید-اموالی-در-ایران,9
https://www.hamshahrionline.ir/news/506102/واکنش-وزیر-بهداشت-احمدی-نژاد-درباره-آمارهای-کرونایی-وزارت-بهداشت,9
https://www.hamshahrionline.ir/news/506083/راهکار-انصارالله-برای-جنوب-یمن-فقط-یک-گزینه-پیش-رو-است,9
https://www.hamshahrionline.ir/news/506071/عکس-دیدار-وزیر-دفاع-با-کادر-درمان-بیمارستان-شهید-چمران-تهران,9
https://www.hamshahrionline.ir/news/506040/تاکید-روحانی-بر-عرضه-بیشتر-سهام-شرکت-ها-و-بنگاه-های-بزرگ-در-بورس,6
https://www.hamshahrionline.ir/news/506015/شرایط-استخدام-در-سال-۹۹-اعلام-شد,9
https://www.hamshahrionline.ir/news/506008/چند-مهاجر-ایرانی-در-بازداشتگاه-های-غیربهداشتی-آمریکا-نگهداری,3
https://www.hamshahrionline.ir/news/505931/انتقاد-کالین-کال-از-تلاش-پمپئو-برای-اعمال-فشار-بر-ایران,3
https://www.hamshahrionline.ir/news/505901/آمریکا-برای-بازگشت-همه-تحریم-ها-علیه-ایران-با-یک-جنگ-سخت-روبرو,3
https://www.hamshahrionline.ir/news/505907/درخواست-حوزویان-از-رئیسی-عاملان-ولنگاری-فضای-مجازی-محاکمه-شوند,42
https://www.hamshahrionline.ir/news/505875/برنامه-آمریکا-علیه-ایران-در-فضای-کرونایی-جهان-آمریکا-با-خروج,12
https://www.hamshahrionline.ir/news/505874/گفت-وگوی-پمپئو-و-لودریان-درباره-ایران,3
https://www.hamshahrionline.ir/news/505854/دلایل-موسوی-لاری-برای-استعفا-از-شورای-سیاستگذاری-اصلاح-طلبان,38
https://www.hamshahrionline.ir/news/505809/پاسخ-دیپلمات-روسیه-به-آمریکایی-ها-درباره-طرح-ضدایرانی-پمپئو,3
https://www.hamshahrionline.ir/news/505812/شایعه-جدید-درباره-دلیل-غیبت-رهبر-کره-شمالی-پای-موشک-در-میان,11
https://www.hamshahrionline.ir/news/506171/هشدار-سازمان-هواشناسی-درباره-تشدید-بارش-ها-کدام-استان-ها-بارانی,36
https://www.hamshahrionline.ir/news/505889/حفظ-ماهیان-خاویاری-در-گرو-توسعه-همکاری-کشورهای-حاشیه-خزر,16
https://www.hamshahrionline.ir/news/505952/وضعیت-بارندگی-ها-در-دو-سال-ترسالی-وضعیت-سدها-در-بارش-های-اخیر,34
https://www.hamshahrionline.ir/news/505997/افزایش-غلظت-ذرات-معلق-هوا-در-پایتخت,27
https://www.hamshahrionline.ir/news/505986/۲-سامانه-بارشی-جدید-وارد-کشور-می-شود,36
https://www.hamshahrionline.ir/news/506177/لیگ-فرانسه-لغو-شد,37
https://www.hamshahrionline.ir/news/506112/یوفا-برای-ادامه-لیگ-ها-۴-هفته-مهلت-کرونایی-داد,37
https://www.hamshahrionline.ir/news/506123/دادرس-سپاهان-جوابی-برای-هوادارانش-ندارد,10
https://www.hamshahrionline.ir/news/506057/برادر-مهدی-مهدوی-کیا-درگذشت,10
https://www.hamshahrionline.ir/news/506045/حمله-تند-سپاهان-به-عضو-کمیته-استیناف-شکایت-می-کنیم,10
https://www.hamshahrionline.ir/news/505988/درخواست-واران-از-تصمیم-گیرندگان-فوتبال-سلامت-بازیکنان-را-در,10
https://www.hamshahrionline.ir/news/505956/۳۰-شخصیت-منفور-تاریخ-فوتبال-جهان-حضور-عجیب-چهره-های-محبوب-در,10
https://www.hamshahrionline.ir/news/505964/عکس-تقدیر-از-بانوی-وزنه-برداری-که-در-خط-مقدم-کرونا-می-جنگد,9
https://www.hamshahrionline.ir/news/505927/زنوزی-به-خاطر-منافع-خودم-افشاگری-نکردم-آقایان-فوتبال-را-به,10
https://www.hamshahrionline.ir/news/505920/تورین-امشب-میزبان-رونالدو-است,10
https://www.hamshahrionline.ir/news/505862/لیگ-قهرمانان-آسیا-قطعا-برگزار-می-شود,37
https://www.hamshahrionline.ir/news/505846/تعویق-المپیک-و-حذف-بودجه-۳۰-میلیاردی-ورزش,9
https://www.hamshahrionline.ir/news/506172/رده-بندی-کیفی-خودروهای-ایران-خودرو-بهترین-و-بدترین-خودروها,15
https://www.hamshahrionline.ir/news/506107/سیر-و-لیموترش-همچنان-در-صدر-قیمت-جدیدترین-نرخ-میوه-و-صیفی,9
https://www.hamshahrionline.ir/news/506143/کاهش-۱۰-هزار-تومانی-نرخ-سکه-جدیدترین-قیمت-طلا-و-سکه,31
https://www.hamshahrionline.ir/news/506080/تغییر-شکل-رقابت-در-بازارهای-نفت-مردم-وان-های-حمام-خود-را-هم,40
https://www.hamshahrionline.ir/news/506043/دلار-۵۰-تومان-ارزان-شد-جدیدترین-قیمت-ارزها,46
https://www.hamshahrionline.ir/news/502066/کرونا-و-درگیری-های-مالک-و-مستاجر,9
https://www.hamshahrionline.ir/news/505965/قیمت-قطعی-ماسک-و-دستکش-اعلام-شد-فهرست-اقلام-و-قیمت-ها,44
https://www.hamshahrionline.ir/news/505699/سفره-خالی-رستوران-ها,9
https://www.hamshahrionline.ir/news/505828/دردسرهای-گوگردی-نفت-برای-عسلویه,16
https://www.hamshahrionline.ir/news/505970/گمانه-زنی-تازه-درباره-دلیل-غیبت-کیم-زخمی-شدن-در-جریان-آزمایش,11
https://www.hamshahrionline.ir/news/505800/رونمایی-از-مستند-شگفتانه-میشل-اوباما-در-نتفلیکس-رازهای-زندگی,42
https://www.hamshahrionline.ir/news/506168/تولید-ضد-عفونی-کننده-ای-که-تا-۹۰-روز-از-سطوح-در-برابر-ویروس-کرونا,9
https://www.hamshahrionline.ir/news/505836/از-ماسک-رنگی-تا-شیلد-محافظ-وقتی-کرونا-با-خودش-مد-می-آورد,9
https://www.hamshahrionline.ir/news/505896/فواید-هندوانه-برای-کودکان,9
https://www.hamshahrionline.ir/news/505935/ویژگی-های-جدید-اندروید-برای-خواب-بهتر,9
https://www.hamshahrionline.ir/news/505928/محققان-انگلیسی-ژنتیک-علائم-ابتلا-به-کووید۱۹-را-تعیین-می-کند,9
https://www.hamshahrionline.ir/news/505967/کدام-کشورها-باهوش-ترین-دانش-آموزان-را-دارند,9
https://www.hamshahrionline.ir/news/505987/تولید-واکسن-کرونا-در-ژاپن-با-کمک-حشرات,32
https://www.hamshahrionline.ir/news/506001/شناسایی-مولکول-هایی-که-از-پیری-جلوگیری-می-کنند,9
https://www.hamshahrionline.ir/news/506062/شیوع-بیماری-جدید-در-انگلیس-جان-چند-کودک-را-گرفت-این-بیماری,9
https://www.hamshahrionline.ir/news/506105/عادت-شست-وشوی-دست-در-کشورها-تمیزترین-و-کثیف-ترین-ملت-ها-کدام-اند,9
https://www.hamshahrionline.ir/news/505946/۳-واکسن-کووید۱۹-چینی-وارد-دومین-مرحله-آزمایش-بالینی-شد,32
https://www.hamshahrionline.ir/news/505991/هوش-خود-را-از-این-چهار-عضو-بدن-تشخیص-دهید,9
https://www.hamshahrionline.ir/news/506190/خبر-خوش-به-بازنشستگان-زمان-اجرای-افزایش-حقوق-بازنشستگان-تامین,0
https://www.hamshahrionline.ir/news/506103/کنایه-نیوشا-ضیغمی-به-مهناز-افشار-و-حمایت-از-سحر-قریشی,42
https://www.hamshahrionline.ir/news/506018/پوست-خود-را-با-این-۴-میوه-روشن-کنید,9
https://www.hamshahrionline.ir/news/506087/تصاویر-زنانی-که-شیر-خود-را-به-نوزادان-مادران-کرونایی-اهدا-می-کنند,9
https://www.hamshahrionline.ir/news/505774/ببینید-گلدوزی-تصاویر-هوایی-گوگل-در-قاب-های-کوچک,9
https://www.hamshahrionline.ir/news/505801/۵-راه-سفید-کردن-طبیعی-دندان-ها-در-خانه,23
https://www.hamshahrionline.ir/news/505869/سن-بالا-به-تنهایی-عاملی-برای-ابتلا-به-کروناست-کدام-گروه-سنی,9
https://www.hamshahrionline.ir/news/505742/فراتر-از-بحران-دختر-غول-پیکر-سایپه-در-کوه-های-آلپ-اثری-برای,9
https://www.hamshahrionline.ir/news/505797/درگذشت-غول-نویسندگان-اروپا-در-۸۵-سالگی,9
https://www.hamshahrionline.ir/news/506097/برایان-کرانستون-ترامپ-در-دوران-کرونا-دیوانه-تر-شده-است,9
https://www.hamshahrionline.ir/news/506006/روایت-زنجانپور-از-آرزویی-که-محقق-نشد-سمندریان-دق-کرد,42
https://www.hamshahrionline.ir/news/505930/تولد-کرونایی-آتیلا-پسیانی-آرزو-می-کنم-پیش-بینی-ها-غلط-باشد,42
https://www.hamshahrionline.ir/news/505969/هومن-سیدی-و-نگار-جواهریان-را-در-طلا-ببینید,9
https://www.hamshahrionline.ir/news/505954/پرونده-دستمزدهای-نجومی-مجریان-تلویزیون-روی-میز-شورای-نظارت,10
https://www.hamshahrionline.ir/news/505898/بازگشایی-سینماها-از-شوخی-تا-واقعیت-وقتی-خانواده-ها-از-ترس-کرونا,42
https://www.hamshahrionline.ir/news/505802/کرونا-سینمادوستان-را-متحد-کرد-۱۰-روز-ضیافت-آنلاین-جشنواره-های,42
https://www.hamshahrionline.ir/news/506188/فیلم-برگزاری-نخستین-دادگاه-آنلاین,9
https://www.hamshahrionline.ir/news/506195/موافقت-رهبر-انقلاب-با-درخواست-دولت-برای-آزادسازی-سهام-عدالت,29
https://www.hamshahrionline.ir/news/506194/عکس-روز-غلت-زدن-در-بهار,9
https://www.hamshahrionline.ir/news/506184/پیام-تسلیت-وزیر-ورزش-و-علی-دایی-به-مهدوی-کیا,9
https://www.hamshahrionline.ir/news/506197/انفجار-تانکر-بمب-گذاری-شده-در-شمال-سوریه-بیش-از-۴۰-تن-کشته,9
https://www.hamshahrionline.ir/news/506196/عکس-روز-بوسه-ترامپ-و-شی-با-ماسک,44
https://www.hamshahrionline.ir/news/506193/عکس-روز-طبال-سحر,9
https://www.hamshahrionline.ir/news/506189/قیمت-جدید-خودروهای-پرتیراژ-داخلی-روی-میز-ستاد-تنظیم-بازار,15
https://www.hamshahrionline.ir/news/506178/خروج-حاتمی-کیا-در-اولین-سینماماشین-از-سال-۵۷,42
https://www.hamshahrionline.ir/news/506179/نتایج-اولیه-تست-های-پلاسمای-کرونا-مثبت-اعلام-شد,9
https://www.hamshahrionline.ir/news/506192/خانم-سوزانا-چه-ارتباطی-با-استقلالی-ها-دارد,10
https://www.hamshahrionline.ir/news/506186/درگاه-شناسایی-خانه-های-خالی-باز-شد-سامانه-املاک-و-اسکان-تحویل,18
https://www.hamshahrionline.ir/news/506182/محدودیت-زمانی-برای-دریافت-وام-یک-میلیون-تومانی-برداشته-شد,5
https://www.hamshahrionline.ir/news/506166/تصاویر-جزئیاتی-حیرت-انگیز-از-قطار-لذت-رهبر-کره-شمالی-در,11
https://www.hamshahrionline.ir/news/506016/انتقاد-یک-نماینده-به-وزارت-آموزش-و-پرورش-همه-ایران-خیابان-ایرانشهر,19
https://www.hamshahrionline.ir/news/506164/همشهری-آوا-پادکست-روزشمار-قرن-قسمت-اول-خنجر-خیانت-یاران,9
https://www.hamshahrionline.ir/news/506113/دامپزشک-متخصص-حیات-وحش-نداریم,16
https://www.hamshahrionline.ir/news/506198/سالروز-صعود-شهر-خسته-نکونام-پیام-ای-اف-سی-در-خصوص-نساجی-ارزشمند,10
https://www.hamshahrionline.ir/news/506191/محمد-صلاح-اینترمیلان-انتقال-بزرگ-در-راه-است,10
https://www.hamshahrionline.ir/news/506202/فیلم-آغاز-ریل-گذاری-خط-آهن-سراسری-در-کردستان,9
https://www.hamshahrionline.ir/news/506060/ژاپن-درمان-بیماران-کرونایی-را-با-داروی-رمدسیویر-تصویب-می-کند,25
https://www.hamshahrionline.ir/news/506199/پزشکان-هورمون-های-جنسی-زنانه-را-برای-درمان-کووید-۱۹-امتحان-می-کنند,25
https://www.hamshahrionline.ir/news/505617/آزمایش-داروی-ضد-اسید-معده-برای-درمان-کرونا-در-آمریکا,25
https://www.hamshahrionline.ir/news/506092/اعتراض-کرونایی-۴۰۰-چهره-هنری-بریتانیا,42
https://www.hamshahrionline.ir/news/506144/رد-ادعای-امامی-ماجرای-کارت-آقای-متهم,9
https://www.hamshahrionline.ir/news/506084/ابر-سیاه-کرونا-جشنواره-کارلوی-واری-۲۰۲۰-را-پوشاند,42
https://www.hamshahrionline.ir/news/506211/محسن-هاشمی-نامزد-انتخابات-ریاست-جمهوری-۱۴۰۰-می-شود-شوخی-با,7
https://www.hamshahrionline.ir/news/506212/چرایی-صدور-بیانیه-هشدارآمیز-به-آمریکا-از-سوی-عالی-ترین-نهاد-نظامی,3
https://www.hamshahrionline.ir/news/506204/فیلم-حیله-جدید-آمریکا-برای-بازگشت-به-برجام,3
https://www.hamshahrionline.ir/news/506208/سهام-شرکت-های-دولتی-در-این-۹-بانک-به-فروش-می-رسد,2
https://www.hamshahrionline.ir/news/506165/پراید-یکه-تاز-میدان-افسار-گسیختگی-قیمت-ها-در-بازار-خودرو,15
https://www.hamshahrionline.ir/news/506185/خط-آهن-تهران-همدان-تا-پایان-امسال-به-سنندج-می-رسد,9
https://www.hamshahrionline.ir/news/506203/دمای-بدن-در-کرونا-چقدر-بالا-می-رود,9
https://www.hamshahrionline.ir/news/506174/شکستگی-دندان-کوشکی-و-توده-در-طحال-دلبر-یوزها-صاحب-خانواده,9
https://www.hamshahrionline.ir/news/506169/جزئیات-توافق-سازمان-هواپیمایی-کشوری-با-ایرلاین-های-خارجی-وجه,3
https://www.hamshahrionline.ir/news/506205/فیلم-جزئیات-آزادسازی-سهام-عدالت-سهام-عدالت-خود-را-انتخاب,29
https://www.hamshahrionline.ir/news/506213/شمار-موارد-ثابت-شده-کرونا-در-آمریکا-از-یک-میلیون-گذشت-فرانسه,9
https://www.hamshahrionline.ir/news/506216/نظر-یونس-شکرخواه-درباره-میدان-گلادیاتوری-دیجیتال,9
https://www.hamshahrionline.ir/news/506209/طرز-تهیه-آش-شله-قلمکار-وعده-ای-جذاب-برای-ماه-رمضان,4
https://www.hamshahrionline.ir/news/506207/۲۳-راه-حل-خانگی-شگفت-انگیز-برای-کاهش-وزن,9
https://www.hamshahrionline.ir/news/506227/واکسن-کرونای-آکسفورد-میمون-ها-را-مصون-کرد,32
https://www.hamshahrionline.ir/news/506236/جزئیات-تازه-از-واگذاری-سهام-دولت-۹-بانک-منتخب-آماده-پذیره-نویسی,2
https://www.hamshahrionline.ir/news/506234/چرا-عالی-ترین-نهاد-نظامی-ایران-به-آمریکا-هشدار-داد,3
https://www.hamshahrionline.ir/news/506233/قالیباف-در-مدل-آزادسازی-سهام-عدالت-باید-سه-ملاحظه-رعایت-شود,29
https://www.hamshahrionline.ir/news/506231/جزئیات-جدید-از-قطعنامه-پیشنهادی-آمریکا-علیه-ایران,3
https://www.hamshahrionline.ir/news/506232/واکنش-فدراسیون-به-انتخاب-استراماچونی-به-جای-اسکوچیچ-بازگشت-ایتالیایی,10
https://www.hamshahrionline.ir/news/506230/یک-داروی-ضد-روماتیسم-در-درمان-بیماری-شدید-کرونا-نتایج-امیدبخشی,25
https://www.hamshahrionline.ir/news/506219/عکس-دلهره-آور-از-یک-پرواز-داخلی-در-دل-بحران-کرونا,9
https://www.hamshahrionline.ir/news/506222/پس-لرزه-های-استعفای-موسوی-لاری-از-شایعه-استعفای-عارف-تا-انتقاد,38
https://www.hamshahrionline.ir/news/506242/واکنش-قاطع-سخنگوی-ارشد-نیروهای-مسلح-به-تهدید-ترامپ,3
https://www.hamshahrionline.ir/news/506228/آمریکا-می-تواند-ماشه-را-بچکاند,3
https://www.hamshahrionline.ir/news/506240/آمریکا-ایران-را-به-نقض-آزادی-های-مذهبی-متهم-کرد,14
https://www.hamshahrionline.ir/news/506221/لکنت-اصولگرایان-در-برابر-قالیباف-نامه-بی-سرانجام-توکلی-و-شتر,7
https://www.hamshahrionline.ir/news/506226/پاسخ-به-انتقادها-درباره-کمیته-رفع-حصر-لاریجانی-کوتاهی-کرد,29
https://www.hamshahrionline.ir/news/506224/احتمال-درگیری-نظامی-ایران-و-امریکا-وجود-دارد-افزایش-خطر-سوء,3
https://www.hamshahrionline.ir/news/506231/جزئیات-جدید-قطعنامه-پیشنهادی-تحریمی-آمریکا-علیه-ایران,3
https://www.hamshahrionline.ir/news/506254/ماجرای-تغییر-قیمت-محصولات-مدیران-خودرو-واکنش-شرکت,15
https://www.hamshahrionline.ir/news/506236/جزئیات-تازه-از-واگذاری-سهام-دولت-۹-بانک-منتخب-آماده-پذیره-نویسی,2
https://www.hamshahrionline.ir/news/506229/سه-بازنده-صف-های-بورسی,6
https://www.hamshahrionline.ir/news/506246/تمام-خانوارهای-یارانه-بگیر-می-توانند-وام-یک-میلیونی-دریافت-کنند,5
https://www.hamshahrionline.ir/news/506243/عشق-آبروی-دختر-جوان-را-برد,9
https://www.hamshahrionline.ir/news/506239/چک-حق-السکوت-راز-پدرکشی-را-فاش-کرد-دختر-بی-رحم-پدرش-را-برای,9
https://www.hamshahrionline.ir/news/506214/آخرین-آمار-رسمی-کرونا-در-ایران-و-جهان-روسیه-دوباره-رتبه-بندی,24
https://www.hamshahrionline.ir/news/506217/عکس-پوشش-عجیب-مهمانداران-هواپیما-در-شرایط-کرونایی,9
https://www.hamshahrionline.ir/news/506237/جزئیات-طرح-سینماماشین-در-ایران-گنجایش-هر-اکران-چند-خودرو,15
https://www.hamshahrionline.ir/news/506301/ورود-رئیسی-به-ماجرای-دستمزد-۹۹-کارگران-دستور-رئیس-قوه-قضائیه,0
https://www.hamshahrionline.ir/news/506281/واکنش-درباره-ایجاد-خط-مستقیم-ایران-با-کاخ-سفید-آنها-به-دنبال,3
https://www.hamshahrionline.ir/news/506268/هشدار-نسبت-به-وضعیت-کارگران-دستمزد-۹۹-کارگران-چالش-برانگیز,0
https://www.hamshahrionline.ir/news/506258/نظامیان-آمریکایی-آسیب-دیده-در-حمله-موشکی-ایران-مدال-شجاعت-می-گیرند,3
https://www.hamshahrionline.ir/news/506276/تخصیص-۲۰۰-میلیاردی-برای-مبارزه-با-هجوم-ملخ-صحرایی-در-جنوب-ایران,9
https://www.hamshahrionline.ir/news/506318/واقعیت-هایی-که-ایران-را-میزبان-جام-ملت-های-آسیا-۲۰۲۷-نمی-کند,37
https://www.hamshahrionline.ir/news/506241/ماجرای-پول-جنجالی-ویلموتس-چه-بود,10
https://www.hamshahrionline.ir/news/506249/برگزاری-جام-باشگاه-های-جهان-سودی-برای-کشتی-ایران-خواهد-داشت,10
https://www.hamshahrionline.ir/news/506261/راموس-تشنه-فتح-جام,10
https://www.hamshahrionline.ir/news/506293/جزیره-ای-که-از-کرونا-در-امان-ماند,9
https://www.hamshahrionline.ir/news/506284/رقابت-۴-واکسن-کرونا-جلوتر-از-سایرین-برای-نجات-جهان,32
https://www.hamshahrionline.ir/news/506218/نظر-امیرخانی-درباره-حاتمی-کیا-و-کیمیایی-ابراهیم-یک-استثناست,42
https://www.hamshahrionline.ir/news/506333/تست-کرونای-دانشمند-ایرانی-زندانی-در-آمریکا-مثبت-شد,9
https://www.hamshahrionline.ir/news/506294/زن-اسرارآمیز-زندگی-بن-سلمان-پادشاه-سعودی-شیفته-چه-کسی-است,20
https://www.hamshahrionline.ir/news/506357/رئیس-کمیته-پزشکی-فیفا-برای-آغاز-مسابقات-فوتبال-باید-چند-ماه,10
https://www.hamshahrionline.ir/news/506367/محکومیت-۱۴۰-میلیارد-تومانی-استقلال-با-شکایت-پادوانی-سنگین-ترین,10
https://www.hamshahrionline.ir/news/506320/کرونا-یقه-دیبالا-را-چسبیده-است,9
https://www.hamshahrionline.ir/news/506327/مهاجم-پرسپولیس-با-وثیقه-آزاد-شد,10
https://www.hamshahrionline.ir/news/506364/کرونا-۷۰-کهنه-سرباز-آمریکایی-را-به-کام-مرگ-کشاند-هر-روز-یک,9
https://www.hamshahrionline.ir/news/506306/با-سیاه-شدن-زیر-ناخن-هایمان-چه-کنیم,9
https://www.hamshahrionline.ir/news/506324/آزمایش-موفق-یک-داروی-ایدز-برای-درمان-کرونا,25
https://www.hamshahrionline.ir/news/506370/تسهیلات-جدید-برای-سربازان-فارغ-التحصیل-رشته-حقوق,9
https://www.hamshahrionline.ir/news/506074/چه-کنیم-که-شله-زرد-آب-نیندازد-نکات-طلایی-پخت-دسر-خوشمزه-ماه,4
https://www.hamshahrionline.ir/news/506345/این-شغل-من-است-که-با-تصادف-های-ساختگی-مردان-هوسران-را-فریب-بدهم,9
https://www.hamshahrionline.ir/news/506290/فیلم-شهاب-سنگ-نابودگر-به-زمین-رسید-امروز-خطر-از-بیخ-گوش-جهان,30
https://www.hamshahrionline.ir/news/506361/جشنواره-جهانی-فیلم-فجر-همچنان-در-تعلیق,42
https://www.hamshahrionline.ir/news/506412/اصلاح-طلبی-باید-کن-فیکون-شود-پدرسالاری-کشنده-و-نوچه-پروری-موانع,38
https://www.hamshahrionline.ir/news/506436/توضیحات-وزیر-اقتصاد-درباره-وضعیت-سهام-عدالت-در-بازار-بورس,29
https://www.hamshahrionline.ir/news/506438/کمک-۴۵۰-میلیون-تومانی-رهبر-انقلاب-به-زندانیان-غیرعمد,9
https://www.hamshahrionline.ir/news/506399/فیلم-واکنش-صریح-روحانی-به-تهدیدات-اخیر-ترامپ,3
https://www.hamshahrionline.ir/news/506419/متن-نامه-قدردانی-رئیس-جمهور-از-مقام-معظم-رهبری,1
https://www.hamshahrionline.ir/news/506401/جزئیات-سبد-معیشتی-و-رفاهی-بازنشستگان-کشوری-در-سال-۹۹,0
https://www.hamshahrionline.ir/news/506402/روایت-سردار-تنگسیری-از-تعصب-رهبر-انقلاب-نسبت-به-خلیج-فارس-تمام,41
https://www.hamshahrionline.ir/news/506396/ترامپ-تازه-فهمیده-برجام-چه-گنجی-برای-آمریکا-بوده-است,9
https://www.hamshahrionline.ir/news/506385/جزئیات-سه-مکاتبه-مهم-رئیس-جمهور-با-رهبری-واکنش-روحانی-به-تهدیدات,0
https://www.hamshahrionline.ir/news/506343/آخر-هفته-بارانی-در-تمام-کشور-به-جز-یک-استان-ورود-سامانه-بارشی,36
https://www.hamshahrionline.ir/news/506329/کیفیت-هوای-تهران-در-دهمین-روز-اردیبهشت-سالم-است,27
https://www.hamshahrionline.ir/news/506390/همسر-خاشقچی-نیوکاسل-را-به-بن-سلمان-نفروشید,9
https://www.hamshahrionline.ir/news/506414/هشدار-وزیر-اقتصاد-افراد-سودجو-برای-خرید-سند-سهام-عدالت-به-میدان,29
https://www.hamshahrionline.ir/news/506415/چهره-تازه-خاندان-کیم-از-خارج-آمد-عمو-پیونگ-از-حصر-خانگی-تا,11
https://www.hamshahrionline.ir/news/506430/فاتحه-خوانی-مجازی-دقیقه-ای-۲۰-هزار-تومان,42
https://www.hamshahrionline.ir/news/506410/چرا-خودروهای-داخلی-بدون-مشتری-در-یک-هفته-۲۰-میلیون-گران-شدند,15
https://www.hamshahrionline.ir/news/506418/هند-در-سوگ-عرفان-خان-ستاره-میلیونر-زاغه-نشین-و-زندگی-پی-در,42
https://www.hamshahrionline.ir/news/506490/سینا-کمالخانی-حق-راهیابی-به-مجلس-را-ندارد-انتخابات-حوزه-تفرش,19
https://www.hamshahrionline.ir/news/506474/دستور-فرمانده-معظم-کل-قوا-برای-مسکونی-شدن-جزایر-خلیج-فارس,41
https://www.hamshahrionline.ir/news/506448/جرئیات-کشف-اختلاس-میلیاردی-در-سازمان-منطقه-آزاد-قشم,9
https://www.hamshahrionline.ir/news/506456/لاریجانی-از-قالیباف-حمایت-می-کند-نیروهای-پایداری-و-احمدی-نژادی,7
https://www.hamshahrionline.ir/news/506440/جزئیات-ورود-سهامداران-عدالت-به-بورس-زمان-آزادسازی-مشمولین,29
https://www.hamshahrionline.ir/news/506480/رافت-و-برومند-بدون-زد-و-خورد-در-تلویزیون,10
https://www.hamshahrionline.ir/news/506463/فیلم-5گل-برتر-دیوید-بکهام-در-لیگ-جزیره,37
https://www.hamshahrionline.ir/news/506455/چی-ثبت-نام-کردید-چی-تحویل-می-گیرید-جزئیات-طرح-جدید-تبدیل,15
https://www.hamshahrionline.ir/news/506450/سامانه-سهام-عدالت-برای-اعلام-نحوه-مدیریت-سهام-باز-شد,29
https://www.hamshahrionline.ir/news/506408/ویژگی-جدید-واتس-اپ-برای-روزهای-کرونایی,9
https://www.hamshahrionline.ir/news/506482/اعلام-تاریخ-پایان-کرونا-در-ایران-جزئیات-پیش-بینی-پژوهشگران,9
https://www.hamshahrionline.ir/news/506431/فیلم-توضیحات-حسن-آقامیری-درباره-گفت-وگو-با-تتلو-و-احلام-در,42
https://www.hamshahrionline.ir/news/506470/کرونا-شرایط-حضور-در-رقابت-اسکار-را-آسان-تر-کرد,9
https://www.hamshahrionline.ir/news/506339/سمندریان-در-کلاس-های-تئاتر-حاضر-می-شود,42
https://www.hamshahrionline.ir/news/506514/خبر-جدید-از-کیم-جونگ-اون-ردپای-رهبر-کره-شمالی-در-تصاویر-ماهواره-ای,11
https://www.hamshahrionline.ir/news/506303/حیوان-آزاری-ارتش-آمریکا-داد-حامیان-حقوق-حیوانات-را-درآورد,3
https://www.hamshahrionline.ir/news/506523/شروع-دوباره-بوندس-لیگا-تنها-با-حکم-مرکل,9
https://www.hamshahrionline.ir/news/506510/فرهاد-مجیدی-دیدار-با-سعادتمند-من-شمال-هستم,10
https://www.hamshahrionline.ir/news/506497/نامه-فدراسیون-فوتبال-به-خبرنگار-ایتالیایی-تکذیب-کن-هر-چه-گفتی,10
https://www.hamshahrionline.ir/news/506480/رافت-و-برومند-به-یاد-رینگ-خونین-در-تلویزیون,10
https://www.hamshahrionline.ir/news/506461/دلار-۱۵۵۵۰-تومان-آخرین-قیمت-ارزها,46
https://www.hamshahrionline.ir/news/506498/علت-کاهش-فشار-آب-در-برخی-مناطق-تهران-چیست,34
https://www.hamshahrionline.ir/news/506503/سکه-۵۰-هزار-تومان-گران-شد-جدیدترین-قیمت-طلا-و-سکه,31
https://www.hamshahrionline.ir/news/506468/ثبت-رکورد-بی-سابقه-در-تاریخ-بورس-شاخص-در-نزدیکی-مرز-۳۲-هزار,6
https://www.hamshahrionline.ir/news/506342/سیارک-ماسک-دار-چه-ساعتی-از-کنار-زمین-عبور-کرد-سیارک-جنجالی,30
https://www.hamshahrionline.ir/news/506366/روشی-جدید-برای-درمان-سوءهاضمه-تحریک-عصب-گوش-به-هضم-غذا-کمک,9
https://www.hamshahrionline.ir/news/506453/مصرف-چند-بار-دستکش-بله-یا-خیر,44
https://www.hamshahrionline.ir/news/506349/سال-۲۰۲۰-احتمالا-گرم-ترین-سال-زمین-می-شود,9
https://www.hamshahrionline.ir/news/506422/ناسا-شکارچی-آب-به-ماه-می-فرستد,34
https://www.hamshahrionline.ir/news/506529/بازگشایی-مدارس-و-دانشگاه-ها-در-١١۴-شهر-سفید-صحت-دارد-سطح-رعایت,14
https://www.hamshahrionline.ir/news/506527/تفاوت-جنسیتی-و-متوسط-سن-فوتی-های-کرونای-در-کشور-هنوز-در-برخی,9
https://www.hamshahrionline.ir/news/506501/فیلم-و-تصاویر-سرباز-اشکانی-سر-از-گور-بیمار-کرونایی-برآورد,9
https://www.hamshahrionline.ir/news/506353/کرونا-نحوه-برگزاری-هفته-مد-لندن-را-بعد-از-۴۰-سال-تغییر-داد,9
https://www.hamshahrionline.ir/news/506505/سهام-عدالت-خود-را-چگونه-آزاد-کنیم-مرحله-به-مرحله-ببینید,29
https://www.hamshahrionline.ir/news/506500/جدیدترین-آمار-مبتلایان-و-فوتی-های-کرونا-در-کشور-تعداد-فوتی-ها,9
https://www.hamshahrionline.ir/news/506521/کاهش-قرنطینه-در-فرانسه-شامل-حال-سینما-و-موزه-ها-نمی-شود,9
https://www.hamshahrionline.ir/photo/506535/تصاویر-هیئت-خودرویی-مراسم-مذهبی-متفاوت-در-دوران-کرونا,4
https://www.hamshahrionline.ir/news/506537/واکنش-علی-مطهری-به-اظهارات-اردشیر-زاهدی-در-بی-بی-سی-کنایه-به,9
https://www.hamshahrionline.ir/news/506526/سونامی-استعفا-در-هلال-احمر-به-دبیرکل-رسید-۵-استعفا-در-یک-هفته,9
https://www.hamshahrionline.ir/news/506543/خبر-خوش-برای-فوتبالی-ها-لیگ-برتر-یک-گام-تا-آغاز-مجدد,37
https://www.hamshahrionline.ir/news/506532/ساعت-پخش-زنده-عبور-سیارک-از-کنار-زمین-توضیح-درباره-اعلام-زمان-های,30
https://www.hamshahrionline.ir/news/506540/اختلاف-سازمان-حمایت-و-شورای-رقابت-بر-سر-قیمت-خودرو-بالا-گرفت,15
https://www.hamshahrionline.ir/news/506491/طلا-گران-تر-شد-اکران-آنلاین-با-لایو-بازیگران,9
https://www.hamshahrionline.ir/news/506478/پایان-یک-توقیف-۹-ساله-شیرین-قناری-بود-اکران-می-شود,42
https://www.hamshahrionline.ir/news/506547/فیلم-و-عکس-ماهواره-ها-رد-رهبر-کره-شمالی-را-زدند-کیم-جونگ,11
https://www.hamshahrionline.ir/news/506549/خبر-خوش-نوبخت-برای-پرستاران-کرونا-حقوق-فوق-العاده-در-راه-است,9
https://www.hamshahrionline.ir/news/506533/دولت-بین-دو-ثواب-جان-مردم-و-بازگشایی-مساجد-گیر-کرده-است,6
https://www.hamshahrionline.ir/news/506553/عکس-واکنش-وکیل-استراماچونی-به-پیشنهاد-ایران,10
https://www.hamshahrionline.ir/news/506541/عکس-یکی-از-تلخ-ترین-وداع-های-تاریخ-فوتبال,10
https://www.hamshahrionline.ir/news/506544/عکس-گران-ترین-بازیکنانی-که-به-منچستر-سیتی-پیوسته-اند,10
https://www.hamshahrionline.ir/news/506548/۱۱۴-شهرستان-از-نظر-کرونا-کم-خطر-و-سفید-شدند-توضیح-مهم-درباره,14
https://www.hamshahrionline.ir/news/506275/کاهش-فشار-خون-با-این-دانه-عجیب,9
https://www.hamshahrionline.ir/news/506405/آقازاده-صاحب-لگو-شد-سریالی-از-کارگردان-پدر-در-شبکه-نمایش,42
https://www.hamshahrionline.ir/news/506446/جنتی-ان-شاءالله-با-دعاهای-ایام-قدر-مشکلات-پیش-آمده-از-ویروس,9
https://www.hamshahrionline.ir/news/506551/مهلت-یکماهه-مشمولان-سهام-عدالت-برای-انتخاب-نحوه-آزادسازی-سهام,29
https://www.hamshahrionline.ir/news/506552/نامه-تند-سخنگوی-حوزه-علمیه-قم-به-روحانی-درباره-بازگشایی-حرم,14
https://www.hamshahrionline.ir/news/506554/پمپئو-نمی-گذاریم-ایران-سلاح-خریداری-کند,3
https://www.hamshahrionline.ir/news/506557/عکس-همسرآزاری-وحشتناک-هافبک-کلمبیایی-بوکاجونیورز,10
https://www.hamshahrionline.ir/news/506563/جدیدترین-تصمیمات-کمیته-اجرایی-آزادسازی-سهام-عدالت,29
https://www.hamshahrionline.ir/news/506545/چرا-ترخیص-خودروهای-دپو-شده-باز-هم-به-مشکل-خورد,15
https://www.hamshahrionline.ir/news/506534/راهکارهای-یک-کارشناس-بورس-برای-فروش-سهام-عدالت,29
https://www.hamshahrionline.ir/news/506559/عکس-روز-آزمایش-کرونای-درایو-این,9
https://www.hamshahrionline.ir/news/506558/عکس-روز-بهبود-کرونایی-صد-ساله,9
https://www.hamshahrionline.ir/news/506542/واکسن-کرونای-دانشگاه-آکسفورد-ممکن-است-تا-پاییز-آماده-شود,32
https://www.hamshahrionline.ir/news/506550/علائم-جدید-ویروس-کرونا-را-بشناسید,9
https://www.hamshahrionline.ir/news/506560/همشهری-آوا-پادکست-همیشه-فاصله-ای-هست-۱۰-اردیبهشت-۹۹-کرونا,9
https://www.hamshahrionline.ir/news/506562/سیمین-جلال,42
https://www.hamshahrionline.ir/news/506567/هر-فردی-که-کرونا-گرفته-شاید-دوباره-مبتلا-شود-اگر-افرادی-که,9
https://www.hamshahrionline.ir/news/506432/روایت-جواد-امام-و-محمود-صادقی-از-دلایل-استعفای-موسوی-لاری-جلسه,38
https://www.hamshahrionline.ir/news/506565/واکنش-وزیر-کار-درباره-افزایش-دستمزد-کارگران-مطلوب-نبود-اما,0
https://www.hamshahrionline.ir/news/506561/مظفری-زاده-قانون-جدید-هند-کار-را-برای-داوران-راحت-کرد,10
https://www.hamshahrionline.ir/news/506564/نتایج-متناقض-دو-کارآزمایی-بالینی-داروی-رمدسیویر-برای-درمان-کرونا,25
